792.78 808.84
805.4 821.14
804.58 820.24
720.42 735.26
801.8 817.08
908.98 926.72
790.82 807.16
853.4 869.56
712.74 727.66
843.18 859.44
825.46 842.08
828.92 845.24
784.46 800.32
763.28 779.14
842.32 858.34
853.9 870.18
819.44 835.7
878.76 896.14
822.1 837.82
731.86 747.84
756.48 772.04
723.34 738.16
908.1 925.48
834.68 852.22
849.74 866.22
792.8 808.44
794.82 811.1
737.4 751.78
723.66 738.02
819.66 835.92
803.46 819.02
742.8 758.2
762.42 778.22
773.84 788.84
815.74 831.66
826.04 842.42
923.94 940.94
789.76 804.82
771.04 787.1
752.78 768.08
806.16 822.72
850.92 867.2
827.82 844.5
781.18 797.46
757.88 773.5
810.54 826.36
799.9 815.92
802.54 818.26
771.58 786.4
888.7 906.4
