782.56 798.62
754.92 770.66
751.36 767.02
757.48 772.32
702.14 717.42
857.5 875.24
840.32 856.66
730.06 746.22
765.62 780.54
769.02 785.28
813.1 829.72
796.48 812.8
791.88 807.74
806.1 821.96
745.4 761.42
763.78 780.06
783.56 799.82
841.06 858.44
745.98 761.7
845.4 861.38
774.84 790.4
728.06 742.88
808.46 825.84
904.7 922.24
777.02 793.5
735.26 750.9
813.2 829.48
688.86 703.24
706.68 721.04
798.2 814.46
741.48 757.04
788.16 803.56
804.2 820.0
708.78 723.78
764.18 780.1
772.4 788.78
766.42 783.42
703.76 718.82
823.34 839.4
774.3 789.6
843.16 859.72
762.36 778.64
828.92 845.6
834.68 850.96
785.68 801.3
768.88 784.7
778.18 794.2
757.04 772.76
701.22 716.04
856.04 873.74
