15 4 0 4
15 10 4 14
15 8 14 22
15 2 22 24
15 10 24 34
15 6 34 40
15 7 40 47
15 14 47 61
15 15 61 76
15 7 76 83
15 11 83 94
15 6 94 100
15 2 100 102
15 15 102 117
15 4 117 121
15 5 121 126
15 7 126 133
15 15 133 148
15 15 148 163
15 3 163 166
14 6 167 173
14 11 173 184
14 5 184 189
14 3 189 192
14 4 192 196
14 10 196 206
14 5 206 211
14 14 211 225
14 15 225 240
13 3 241 244
13 6 244 250
13 13 250 263
13 5 263 268
13 3 268 271
13 3 271 274
13 12 274 286
13 11 286 297
13 5 297 302
13 12 302 314
13 5 314 319
13 13 319 332
13 4 332 336
13 5 336 341
13 3 341 344
13 3 344 347
13 12 347 359
13 11 359 370
13 3 370 373
12 11 374 385
12 3 385 388
12 6 388 394
11 13 395 408
11 9 408 417
11 4 417 421
11 1 421 422
11 15 422 437
11 9 437 446
11 9 446 455
11 12 455 467
11 9 467 476
11 7 476 483
11 6 483 489
11 1 489 490
11 6 490 496
11 12 496 508
11 11 508 519
11 2 519 521
10 8 522 530
10 15 530 545
9 11 546 557
9 15 557 572
9 13 572 585
9 11 585 596
9 4 596 600
8 2 601 603
8 2 603 605
8 11 605 616
8 13 616 629
8 4 629 633
7 12 634 646
7 9 646 655
6 10 656 666
5 9 667 676
5 2 676 678
5 8 678 686
5 13 686 699
5 11 699 710
5 15 710 725
5 7 725 732
5 12 732 744
4 1 745 746
4 3 746 749
2 2 751 753
2 8 753 761
2 4 761 765
2 7 765 772
1 12 773 785
1 12 785 797
1 9 797 806
1 11 806 817
