15 9 0 9
15 14 9 23
15 1 23 24
15 15 24 39
14 11 40 51
14 10 51 61
13 9 62 71
13 13 71 84
13 13 84 97
13 11 97 108
13 5 108 113
13 8 113 121
12 13 122 135
12 9 135 144
12 8 144 152
12 9 152 161
12 6 161 167
12 5 167 172
12 5 172 177
12 10 177 187
12 10 187 197
12 8 197 205
11 4 206 210
11 7 210 217
11 11 217 228
11 7 228 235
10 13 236 249
10 2 249 251
10 14 251 265
9 2 266 268
9 4 268 272
9 10 272 282
9 6 282 288
9 12 288 300
9 9 300 309
9 12 309 321
9 1 321 322
9 14 322 336
9 6 336 342
9 4 342 346
9 11 346 357
9 5 357 362
9 8 362 370
9 1 370 371
8 7 372 379
7 6 380 386
6 2 387 389
6 14 389 403
6 11 403 414
6 12 414 426
6 8 426 434
6 3 434 437
6 15 437 452
6 12 452 464
6 2 464 466
6 1 466 467
6 15 467 482
6 7 482 489
6 5 489 494
6 11 494 505
6 9 505 514
6 9 514 523
6 8 523 531
6 12 531 543
6 4 543 547
6 6 547 553
5 3 554 557
5 7 557 564
5 10 564 574
5 11 574 585
5 15 585 600
5 5 600 605
5 6 605 611
5 13 611 624
5 7 624 631
5 2 631 633
5 7 633 640
5 13 640 653
5 12 653 665
5 2 665 667
5 4 667 671
5 1 671 672
5 12 672 684
5 15 684 699
5 12 699 711
4 3 712 715
4 12 715 727
4 14 727 741
4 8 741 749
4 13 749 762
4 2 762 764
3 5 765 770
2 4 771 775
2 9 775 784
2 8 784 792
2 5 792 797
2 9 797 806
1 1 807 808
1 4 808 812
1 15 812 827
