15 10 0 10
15 10 10 20
15 3 20 23
15 8 23 31
15 13 31 44
15 1 44 45
15 14 45 59
15 15 59 74
15 14 74 88
15 14 88 102
15 1 102 103
15 12 103 115
15 9 115 124
15 10 124 134
15 10 134 144
15 1 144 145
15 8 145 153
15 7 153 160
15 2 160 162
15 10 162 172
15 8 172 180
15 3 180 183
15 14 183 197
15 3 197 200
15 11 200 211
15 12 211 223
15 13 223 236
15 10 236 246
14 5 247 252
14 3 252 255
14 2 255 257
14 11 257 268
13 9 269 278
13 14 278 292
13 1 292 293
12 8 294 302
12 9 302 311
11 4 312 316
11 7 316 323
10 3 324 327
10 2 327 329
10 10 329 339
10 2 339 341
10 2 341 343
10 14 343 357
10 12 357 369
10 14 369 383
10 1 383 384
10 13 384 397
10 9 397 406
10 12 406 418
10 10 418 428
10 7 428 435
10 7 435 442
10 1 442 443
9 8 444 452
9 12 452 464
9 15 464 479
9 4 479 483
9 12 483 495
9 10 495 505
9 5 505 510
8 4 511 515
8 2 515 517
7 12 518 530
7 13 530 543
7 15 543 558
6 4 559 563
6 9 563 572
5 14 573 587
5 12 587 599
4 1 600 601
4 2 601 603
3 3 604 607
3 12 607 619
2 6 620 626
2 15 626 641
2 10 641 651
2 8 651 659
2 9 659 668
2 4 668 672
2 15 672 687
2 9 687 696
2 12 696 708
2 3 708 711
2 5 711 716
2 5 716 721
2 14 721 735
2 12 735 747
2 5 747 752
2 12 752 764
2 9 764 773
2 6 773 779
2 7 779 786
2 13 786 799
2 14 799 813
2 4 813 817
2 13 817 830
1 3 831 834
1 11 834 845
