14 11 1 12
14 5 12 17
14 4 17 21
14 5 21 26
13 7 27 34
12 14 35 49
12 9 49 58
12 6 58 64
12 4 64 68
12 4 68 72
11 9 73 82
11 15 82 97
11 7 97 104
10 4 105 109
9 3 110 113
9 15 113 128
9 10 128 138
8 11 139 150
8 8 150 158
8 9 158 167
8 3 167 170
8 14 170 184
8 14 184 198
8 12 198 210
8 3 210 213
8 1 213 214
8 10 214 224
8 3 224 227
8 4 227 231
8 12 231 243
8 3 243 246
8 15 246 261
8 9 261 270
8 8 270 278
8 9 278 287
7 4 288 292
7 1 292 293
7 2 293 295
7 13 295 308
6 1 309 310
6 15 310 325
6 14 325 339
6 13 339 352
5 14 353 367
5 13 367 380
5 13 380 393
5 15 393 408
5 14 408 422
5 15 422 437
5 3 437 440
5 4 440 444
5 1 444 445
5 12 445 457
4 11 458 469
4 8 469 477
4 11 477 488
4 2 488 490
4 15 490 505
4 3 505 508
4 1 508 509
4 3 509 512
4 14 512 526
4 10 526 536
4 3 536 539
4 13 539 552
4 6 552 558
4 12 558 570
4 5 570 575
4 13 575 588
4 4 588 592
3 11 593 604
3 1 604 605
2 4 606 610
2 9 610 619
2 14 619 633
2 15 633 648
2 7 648 655
1 9 656 665
1 13 665 678
1 8 678 686
1 4 686 690
1 2 690 692
1 7 692 699
1 2 699 701
1 14 701 715
1 1 715 716
1 1 716 717
1 8 717 725
1 8 725 733
1 7 733 740
1 11 740 751
1 7 751 758
1 6 758 764
1 15 764 779
1 6 779 785
1 14 785 799
1 8 799 807
1 5 807 812
1 10 812 822
1 8 822 830
