15 2 0 2
15 13 2 15
15 13 15 28
14 8 29 37
13 7 38 45
13 2 45 47
13 4 47 51
12 7 52 59
12 11 59 70
12 9 70 79
12 10 79 89
12 14 89 103
12 5 103 108
12 6 108 114
12 2 114 116
12 15 116 131
12 7 131 138
12 11 138 149
12 7 149 156
12 3 156 159
12 3 159 162
12 15 162 177
12 1 177 178
12 2 178 180
12 2 180 182
12 11 182 193
12 6 193 199
12 9 199 208
12 14 208 222
11 11 223 234
11 1 234 235
10 15 236 251
10 7 251 258
10 2 258 260
10 8 260 268
9 7 269 276
9 9 276 285
9 11 285 296
9 11 296 307
9 7 307 314
9 10 314 324
9 5 324 329
9 6 329 335
9 15 335 350
9 3 350 353
9 12 353 365
9 3 365 368
9 12 368 380
9 3 380 383
9 14 383 397
9 2 397 399
9 15 399 414
9 1 414 415
9 8 415 423
8 9 424 433
8 6 433 439
8 12 439 451
8 8 451 459
7 7 460 467
7 5 467 472
7 12 472 484
7 10 484 494
7 4 494 498
6 6 499 505
6 10 505 515
6 2 515 517
6 13 517 530
5 15 531 546
5 8 546 554
5 7 554 561
5 5 561 566
5 4 566 570
5 6 570 576
5 15 576 591
4 1 592 593
4 12 593 605
4 12 605 617
3 1 618 619
3 15 619 634
3 4 634 638
3 2 638 640
3 12 640 652
3 4 652 656
2 9 657 666
2 6 666 672
2 9 672 681
2 15 681 696
2 11 696 707
2 11 707 718
2 1 718 719
2 15 719 734
2 2 734 736
2 1 736 737
2 14 737 751
2 12 751 763
2 10 763 773
2 7 773 780
2 2 780 782
2 15 782 797
2 9 797 806
