15 7 0 7
15 7 7 14
15 1 14 15
15 12 15 27
15 8 27 35
14 13 36 49
14 4 49 53
14 9 53 62
14 6 62 68
14 2 68 70
14 5 70 75
14 6 75 81
14 12 81 93
14 7 93 100
14 12 100 112
14 6 112 118
14 3 118 121
14 13 121 134
14 7 134 141
14 2 141 143
14 5 143 148
14 6 148 154
14 15 154 169
13 15 170 185
13 13 185 198
13 5 198 203
12 7 204 211
12 6 211 217
12 11 217 228
11 9 229 238
11 10 238 248
10 8 249 257
10 10 257 267
10 5 267 272
10 3 272 275
10 12 275 287
10 2 287 289
9 9 290 299
9 8 299 307
9 5 307 312
9 1 312 313
9 13 313 326
9 7 326 333
9 6 333 339
9 4 339 343
9 11 343 354
9 7 354 361
9 5 361 366
9 4 366 370
9 2 370 372
9 9 372 381
9 7 381 388
9 2 388 390
9 6 390 396
9 5 396 401
9 8 401 409
8 15 410 425
8 1 425 426
8 14 426 440
8 13 440 453
8 4 453 457
7 14 458 472
7 11 472 483
7 11 483 494
6 7 495 502
6 4 502 506
6 5 506 511
6 12 511 523
6 14 523 537
6 5 537 542
6 8 542 550
6 14 550 564
6 4 564 568
6 3 568 571
6 6 571 577
6 8 577 585
6 4 585 589
6 8 589 597
6 10 597 607
6 15 607 622
5 1 623 624
5 5 624 629
5 10 629 639
4 7 640 647
4 14 647 661
4 11 661 672
4 10 672 682
4 3 682 685
3 14 686 700
3 8 700 708
3 11 708 719
3 2 719 721
3 3 721 724
2 14 725 739
2 9 739 748
2 15 748 763
1 11 764 775
1 15 775 790
1 9 790 799
1 8 799 807
