15 15 0 15
15 9 15 24
14 6 25 31
14 4 31 35
14 14 35 49
14 15 49 64
14 13 64 77
14 6 77 83
14 2 83 85
14 15 85 100
14 12 100 112
14 9 112 121
14 2 121 123
14 14 123 137
14 4 137 141
14 2 141 143
14 8 143 151
14 1 151 152
14 11 152 163
14 9 163 172
14 14 172 186
14 12 186 198
14 13 198 211
13 3 212 215
13 8 215 223
13 6 223 229
13 8 229 237
13 7 237 244
13 2 244 246
12 6 247 253
12 6 253 259
12 7 259 266
11 7 267 274
11 11 274 285
10 5 286 291
10 13 291 304
10 14 304 318
10 15 318 333
10 13 333 346
10 6 346 352
10 10 352 362
9 11 363 374
9 6 374 380
9 12 380 392
9 8 392 400
9 4 400 404
9 2 404 406
9 1 406 407
8 13 408 421
7 9 422 431
7 13 431 444
6 7 445 452
6 13 452 465
6 11 465 476
6 11 476 487
5 8 488 496
5 13 496 509
5 6 509 515
5 1 515 516
5 1 516 517
5 12 517 529
5 15 529 544
5 10 544 554
5 12 554 566
5 9 566 575
5 2 575 577
5 5 577 582
5 1 582 583
5 4 583 587
5 2 587 589
5 13 589 602
5 7 602 609
4 3 610 613
4 11 613 624
3 1 625 626
3 2 626 628
3 3 628 631
3 10 631 641
3 8 641 649
3 9 649 658
3 8 658 666
3 9 666 675
3 7 675 682
3 15 682 697
3 7 697 704
3 13 704 717
3 5 717 722
3 4 722 726
3 7 726 733
3 5 733 738
3 3 738 741
2 13 742 755
2 7 755 762
2 8 762 770
2 1 770 771
2 10 771 781
1 6 782 788
1 8 788 796
1 13 796 809
1 6 809 815
