15 12 0 12
15 3 12 15
15 4 15 19
15 11 19 30
15 15 30 45
14 15 46 61
14 7 61 68
14 13 68 81
14 13 81 94
14 8 94 102
13 15 103 118
12 13 119 132
12 3 132 135
12 10 135 145
12 7 145 152
12 8 152 160
12 1 160 161
12 3 161 164
11 5 165 170
11 9 170 179
11 4 179 183
11 6 183 189
11 9 189 198
11 2 198 200
11 4 200 204
11 12 204 216
10 12 217 229
10 8 229 237
10 11 237 248
10 14 248 262
10 5 262 267
10 12 267 279
10 13 279 292
10 8 292 300
10 9 300 309
10 9 309 318
10 11 318 329
10 4 329 333
10 10 333 343
10 13 343 356
10 7 356 363
10 8 363 371
10 15 371 386
9 4 387 391
9 8 391 399
8 7 400 407
8 5 407 412
8 4 412 416
7 5 417 422
7 15 422 437
7 7 437 444
7 9 444 453
7 1 453 454
7 5 454 459
7 12 459 471
6 9 472 481
6 13 481 494
5 14 495 509
4 12 510 522
4 10 522 532
4 3 532 535
3 2 536 538
3 9 538 547
3 3 547 550
3 13 550 563
3 11 563 574
3 7 574 581
3 7 581 588
3 13 588 601
3 15 601 616
3 5 616 621
3 9 621 630
3 1 630 631
3 4 631 635
3 13 635 648
3 5 648 653
3 12 653 665
3 7 665 672
3 1 672 673
2 14 674 688
2 2 688 690
2 15 690 705
2 5 705 710
2 3 710 713
2 5 713 718
2 7 718 725
2 12 725 737
2 1 737 738
2 3 738 741
2 1 741 742
2 12 742 754
2 1 754 755
2 15 755 770
2 14 770 784
2 2 784 786
2 12 786 798
2 8 798 806
1 8 807 815
1 12 815 827
1 1 827 828
