15 11 0 11
15 12 11 23
15 13 23 36
15 15 36 51
14 13 52 65
14 3 65 68
14 4 68 72
13 1 73 74
12 4 75 79
12 15 79 94
12 4 94 98
12 4 98 102
12 4 102 106
12 2 106 108
12 9 108 117
12 4 117 121
12 10 121 131
12 15 131 146
12 11 146 157
12 7 157 164
12 6 164 170
12 11 170 181
12 7 181 188
12 9 188 197
12 10 197 207
12 10 207 217
12 11 217 228
12 6 228 234
11 13 235 248
11 12 248 260
10 13 261 274
10 4 274 278
10 14 278 292
10 8 292 300
10 2 300 302
10 13 302 315
10 2 315 317
10 9 317 326
10 11 326 337
10 4 337 341
10 14 341 355
10 11 355 366
10 13 366 379
10 5 379 384
10 3 384 387
9 8 388 396
9 5 396 401
9 3 401 404
9 3 404 407
9 15 407 422
8 1 423 424
8 7 424 431
8 4 431 435
8 3 435 438
8 15 438 453
7 1 454 455
6 2 456 458
6 7 458 465
6 15 465 480
6 11 480 491
6 9 491 500
6 14 500 514
6 5 514 519
5 6 520 526
5 12 526 538
5 2 538 540
5 3 540 543
5 9 543 552
4 8 553 561
3 10 562 572
3 11 572 583
3 8 583 591
3 1 591 592
3 7 592 599
3 4 599 603
3 6 603 609
3 6 609 615
3 11 615 626
3 12 626 638
3 12 638 650
3 9 650 659
3 14 659 673
3 14 673 687
3 9 687 696
3 5 696 701
3 1 701 702
3 15 702 717
3 4 717 721
2 6 722 728
2 4 728 732
2 4 732 736
2 13 736 749
2 14 749 763
2 3 763 766
2 13 766 779
2 8 779 787
1 15 788 803
1 2 803 805
1 12 805 817
1 10 817 827
