15 11 0 11
15 11 11 22
15 9 22 31
15 3 31 34
15 13 34 47
14 7 48 55
14 15 55 70
14 10 70 80
13 14 81 95
12 7 96 103
12 1 103 104
11 4 105 109
11 15 109 124
11 10 124 134
11 5 134 139
11 4 139 143
11 1 143 144
11 13 144 157
11 11 157 168
11 10 168 178
11 11 178 189
11 7 189 196
11 14 196 210
11 3 210 213
11 14 213 227
11 6 227 233
11 7 233 240
11 14 240 254
11 7 254 261
11 11 261 272
10 2 273 275
10 14 275 289
10 2 289 291
9 13 292 305
8 14 306 320
8 7 320 327
8 11 327 338
8 5 338 343
8 9 343 352
8 10 352 362
8 9 362 371
8 14 371 385
8 7 385 392
8 1 392 393
8 6 393 399
8 1 399 400
8 14 400 414
8 15 414 429
8 12 429 441
8 6 441 447
8 5 447 452
8 10 452 462
8 12 462 474
8 11 474 485
7 8 486 494
7 4 494 498
7 6 498 504
7 10 504 514
6 2 515 517
6 7 517 524
6 8 524 532
5 10 533 543
5 7 543 550
5 14 550 564
5 2 564 566
5 6 566 572
5 9 572 581
5 9 581 590
5 14 590 604
5 7 604 611
5 10 611 621
5 8 621 629
5 11 629 640
5 13 640 653
5 14 653 667
5 15 667 682
5 9 682 691
5 3 691 694
5 8 694 702
5 5 702 707
5 10 707 717
5 1 717 718
5 13 718 731
4 8 732 740
4 14 740 754
4 15 754 769
3 8 770 778
3 1 778 779
3 4 779 783
3 14 783 797
2 10 798 808
2 2 808 810
2 1 810 811
2 8 811 819
1 14 820 834
1 10 834 844
1 11 844 855
1 12 855 867
1 4 867 871
1 12 871 883
