15 9 0 9
15 14 9 23
14 2 24 26
14 2 26 28
14 6 28 34
14 5 34 39
14 1 39 40
14 15 40 55
13 13 56 69
13 1 69 70
13 10 70 80
12 14 81 95
12 10 95 105
12 7 105 112
12 6 112 118
11 11 119 130
11 5 130 135
10 5 136 141
10 14 141 155
9 13 156 169
9 13 169 182
9 14 182 196
9 8 196 204
9 15 204 219
9 4 219 223
9 11 223 234
9 1 234 235
9 4 235 239
9 7 239 246
9 14 246 260
9 2 260 262
9 10 262 272
9 14 272 286
9 3 286 289
9 4 289 293
9 14 293 307
9 7 307 314
9 9 314 323
8 9 324 333
8 12 333 345
8 5 345 350
7 8 351 359
7 6 359 365
7 4 365 369
7 1 369 370
7 12 370 382
6 13 383 396
6 13 396 409
6 6 409 415
6 4 415 419
6 14 419 433
6 6 433 439
6 8 439 447
6 7 447 454
6 1 454 455
6 10 455 465
6 11 465 476
6 1 476 477
6 2 477 479
6 8 479 487
6 13 487 500
6 15 500 515
6 13 515 528
6 10 528 538
6 11 538 549
6 8 549 557
5 11 558 569
5 1 569 570
5 7 570 577
5 11 577 588
5 8 588 596
4 6 597 603
4 3 603 606
4 5 606 611
4 1 611 612
4 15 612 627
3 6 628 634
3 10 634 644
3 14 644 658
2 7 659 666
2 1 666 667
2 9 667 676
2 3 676 679
1 2 680 682
1 13 682 695
1 13 695 708
1 6 708 714
1 12 714 726
1 1 726 727
1 13 727 740
1 5 740 745
1 14 745 759
1 4 759 763
1 3 763 766
1 11 766 777
1 15 777 792
1 1 792 793
1 1 793 794
1 5 794 799
1 1 799 800
