15 1 0 1
15 1 1 2
15 11 2 13
14 9 14 23
14 11 23 34
13 15 35 50
13 9 50 59
13 12 59 71
13 13 71 84
12 4 85 89
12 8 89 97
12 4 97 101
12 11 101 112
11 2 113 115
11 3 115 118
11 1 118 119
11 10 119 129
11 3 129 132
10 9 133 142
10 3 142 145
10 2 145 147
10 1 147 148
10 13 148 161
10 11 161 172
10 9 172 181
10 11 181 192
10 6 192 198
10 4 198 202
10 3 202 205
10 11 205 216
10 2 216 218
10 14 218 232
10 12 232 244
10 13 244 257
10 4 257 261
10 15 261 276
10 13 276 289
10 10 289 299
10 12 299 311
10 11 311 322
9 3 323 326
9 14 326 340
9 8 340 348
9 14 348 362
8 9 363 372
8 10 372 382
7 10 383 393
7 4 393 397
6 4 398 402
6 4 402 406
5 7 407 414
5 7 414 421
4 15 422 437
4 13 437 450
4 9 450 459
4 14 459 473
4 1 473 474
4 8 474 482
3 7 483 490
3 2 490 492
3 10 492 502
3 9 502 511
3 7 511 518
3 9 518 527
3 3 527 530
3 15 530 545
3 11 545 556
3 7 556 563
3 15 563 578
3 10 578 588
3 14 588 602
3 2 602 604
3 4 604 608
3 6 608 614
3 1 614 615
3 14 615 629
2 7 630 637
2 11 637 648
2 14 648 662
2 6 662 668
2 7 668 675
2 2 675 677
2 8 677 685
2 13 685 698
2 5 698 703
2 14 703 717
2 8 717 725
2 6 725 731
2 15 731 746
2 1 746 747
2 4 747 751
2 11 751 762
2 3 762 765
2 4 765 769
2 3 769 772
2 5 772 777
2 3 777 780
2 8 780 788
1 7 789 796
1 5 796 801
