15 5 0 5
14 8 6 14
14 3 14 17
14 5 17 22
14 3 22 25
14 8 25 33
14 4 33 37
13 2 38 40
13 3 40 43
13 1 43 44
12 14 45 59
12 11 59 70
12 4 70 74
12 8 74 82
12 3 82 85
12 8 85 93
12 3 93 96
12 14 96 110
12 5 110 115
12 10 115 125
12 8 125 133
12 12 133 145
12 6 145 151
12 8 151 159
12 14 159 173
12 5 173 178
12 12 178 190
12 10 190 200
12 3 200 203
11 2 204 206
11 9 206 215
11 3 215 218
11 11 218 229
11 7 229 236
11 3 236 239
11 12 239 251
11 2 251 253
11 2 253 255
11 15 255 270
11 15 270 285
11 13 285 298
11 14 298 312
11 2 312 314
11 6 314 320
11 3 320 323
11 2 323 325
11 12 325 337
11 4 337 341
10 13 342 355
10 7 355 362
10 2 362 364
10 5 364 369
9 9 370 379
9 8 379 387
9 1 387 388
9 8 388 396
9 13 396 409
9 8 409 417
8 2 418 420
8 1 420 421
8 7 421 428
8 6 428 434
8 13 434 447
7 12 448 460
7 12 460 472
7 11 472 483
6 1 484 485
6 15 485 500
6 4 500 504
6 15 504 519
6 9 519 528
6 15 528 543
6 4 543 547
6 14 547 561
6 9 561 570
6 13 570 583
6 5 583 588
6 6 588 594
6 15 594 609
6 1 609 610
6 13 610 623
6 11 623 634
5 2 635 637
5 8 637 645
5 14 645 659
4 8 660 668
4 13 668 681
4 14 681 695
4 5 695 700
4 11 700 711
4 9 711 720
4 6 720 726
3 9 727 736
3 14 736 750
2 10 751 761
2 15 761 776
2 3 776 779
1 15 780 795
1 8 795 803
1 10 803 813
