15 6 0 6
15 12 6 18
15 6 18 24
14 10 25 35
14 3 35 38
14 2 38 40
14 3 40 43
14 1 43 44
14 3 44 47
14 12 47 59
14 15 59 74
14 12 74 86
14 8 86 94
14 2 94 96
14 11 96 107
14 1 107 108
14 14 108 122
14 6 122 128
14 11 128 139
14 5 139 144
14 7 144 151
14 11 151 162
13 14 163 177
13 13 177 190
13 1 190 191
13 14 191 205
13 8 205 213
13 4 213 217
13 3 217 220
13 10 220 230
13 15 230 245
13 9 245 254
13 7 254 261
13 14 261 275
13 5 275 280
13 7 280 287
13 2 287 289
13 1 289 290
13 15 290 305
12 1 306 307
12 3 307 310
12 5 310 315
12 7 315 322
12 11 322 333
12 9 333 342
11 1 343 344
11 15 344 359
11 1 359 360
10 12 361 373
10 1 373 374
10 14 374 388
10 7 388 395
9 2 396 398
9 14 398 412
8 4 413 417
8 5 417 422
8 5 422 427
8 13 427 440
8 15 440 455
8 4 455 459
7 2 460 462
7 15 462 477
7 4 477 481
7 10 481 491
7 5 491 496
6 11 497 508
6 13 508 521
6 2 521 523
6 5 523 528
5 2 529 531
5 8 531 539
5 12 539 551
5 4 551 555
5 6 555 561
5 7 561 568
4 11 569 580
4 8 580 588
4 6 588 594
3 1 595 596
2 6 597 603
2 10 603 613
2 10 613 623
1 1 624 625
1 12 625 637
1 14 637 651
1 13 651 664
1 1 664 665
1 15 665 680
1 2 680 682
1 8 682 690
1 11 690 701
1 12 701 713
1 5 713 718
1 6 718 724
1 15 724 739
1 15 739 754
1 13 754 767
1 12 767 779
1 7 779 786
1 6 786 792
