15 12 0 12
15 2 12 14
15 7 14 21
15 11 21 32
15 9 32 41
15 9 41 50
14 4 51 55
14 7 55 62
14 5 62 67
14 3 67 70
14 11 70 81
14 8 81 89
14 10 89 99
14 2 99 101
14 8 101 109
14 12 109 121
14 4 121 125
14 15 125 140
14 8 140 148
14 5 148 153
14 5 153 158
14 9 158 167
14 2 167 169
14 1 169 170
14 6 170 176
14 14 176 190
14 10 190 200
13 3 201 204
12 8 205 213
12 5 213 218
12 5 218 223
12 13 223 236
12 14 236 250
12 2 250 252
12 3 252 255
12 8 255 263
12 9 263 272
12 10 272 282
12 12 282 294
12 3 294 297
12 5 297 302
12 3 302 305
12 4 305 309
12 4 309 313
12 15 313 328
12 9 328 337
12 8 337 345
11 11 346 357
11 6 357 363
11 4 363 367
11 6 367 373
10 4 374 378
10 10 378 388
10 7 388 395
10 1 395 396
10 2 396 398
10 2 398 400
10 4 400 404
10 2 404 406
10 13 406 419
10 13 419 432
10 10 432 442
10 11 442 453
10 15 453 468
10 3 468 471
10 5 471 476
10 12 476 488
10 8 488 496
10 2 496 498
10 2 498 500
10 12 500 512
10 9 512 521
9 3 522 525
9 4 525 529
9 6 529 535
9 15 535 550
9 10 550 560
9 3 560 563
8 12 564 576
8 9 576 585
8 1 585 586
7 13 587 600
7 2 600 602
6 9 603 612
4 6 614 620
4 13 620 633
4 1 633 634
4 1 634 635
3 8 636 644
3 15 644 659
3 12 659 671
2 8 672 680
2 15 680 695
2 2 695 697
2 14 697 711
1 13 712 725
1 5 725 730
1 3 730 733
1 11 733 744
1 11 744 755
