15 9 0 9
15 5 9 14
14 11 15 26
14 1 26 27
14 11 27 38
14 1 38 39
14 13 39 52
14 2 52 54
14 14 54 68
14 14 68 82
14 10 82 92
14 12 92 104
14 7 104 111
14 14 111 125
14 3 125 128
14 14 128 142
14 9 142 151
14 14 151 165
14 15 165 180
14 13 180 193
13 9 194 203
13 10 203 213
13 7 213 220
13 14 220 234
12 6 235 241
12 4 241 245
12 13 245 258
12 12 258 270
11 12 271 283
11 2 283 285
11 15 285 300
11 7 300 307
11 13 307 320
10 15 321 336
10 15 336 351
10 11 351 362
10 3 362 365
10 1 365 366
10 6 366 372
10 13 372 385
10 6 385 391
10 15 391 406
10 14 406 420
10 5 420 425
10 5 425 430
10 13 430 443
10 11 443 454
10 4 454 458
10 15 458 473
10 1 473 474
10 1 474 475
9 10 476 486
9 1 486 487
9 5 487 492
9 14 492 506
8 13 507 520
8 4 520 524
8 1 524 525
8 3 525 528
8 8 528 536
8 15 536 551
8 9 551 560
8 7 560 567
7 15 568 583
7 15 583 598
6 2 599 601
6 5 601 606
6 10 606 616
6 5 616 621
5 6 622 628
5 10 628 638
5 9 638 647
4 12 648 660
4 13 660 673
4 9 673 682
3 14 683 697
3 12 697 709
3 5 709 714
3 13 714 727
3 2 727 729
3 2 729 731
3 8 731 739
3 10 739 749
3 13 749 762
3 13 762 775
3 6 775 781
3 4 781 785
3 14 785 799
3 7 799 806
3 5 806 811
3 15 811 826
3 4 826 830
3 6 830 836
3 10 836 846
2 4 847 851
2 12 851 863
2 8 863 871
1 2 872 874
1 6 874 880
1 3 880 883
