15 3 0 3
15 11 3 14
15 12 14 26
15 9 26 35
15 9 35 44
15 6 44 50
15 9 50 59
15 2 59 61
14 8 62 70
14 15 70 85
14 10 85 95
14 10 95 105
14 1 105 106
14 3 106 109
14 9 109 118
14 4 118 122
14 15 122 137
14 3 137 140
14 5 140 145
14 8 145 153
14 10 153 163
14 13 163 176
14 14 176 190
14 3 190 193
14 1 193 194
14 9 194 203
14 6 203 209
14 3 209 212
13 5 213 218
13 1 218 219
12 8 220 228
12 7 228 235
12 3 235 238
12 13 238 251
12 11 251 262
11 8 263 271
11 10 271 281
11 13 281 294
11 12 294 306
10 4 307 311
10 10 311 321
10 7 321 328
10 5 328 333
10 13 333 346
10 4 346 350
10 11 350 361
10 14 361 375
10 9 375 384
10 15 384 399
10 10 399 409
10 6 409 415
10 10 415 425
10 11 425 436
10 5 436 441
10 2 441 443
10 4 443 447
9 7 448 455
9 6 455 461
9 12 461 473
8 12 474 486
8 12 486 498
8 10 498 508
7 9 509 518
7 15 518 533
7 8 533 541
7 14 541 555
7 9 555 564
7 11 564 575
6 11 576 587
6 15 587 602
6 2 602 604
5 15 605 620
5 14 620 634
5 13 634 647
4 11 648 659
4 15 659 674
3 7 675 682
3 13 682 695
3 6 695 701
3 12 701 713
3 13 713 726
3 11 726 737
3 2 737 739
3 8 739 747
3 15 747 762
3 14 762 776
3 3 776 779
3 1 779 780
3 6 780 786
3 2 786 788
3 8 788 796
3 14 796 810
3 15 810 825
3 9 825 834
2 4 835 839
2 14 839 853
1 5 854 859
1 15 859 874
1 7 874 881
1 10 881 891
