15 11 0 11
15 6 11 17
15 2 17 19
15 6 19 25
15 12 25 37
15 13 37 50
15 12 50 62
15 2 62 64
15 8 64 72
15 9 72 81
15 7 81 88
15 6 88 94
15 14 94 108
15 14 108 122
15 6 122 128
15 14 128 142
14 2 143 145
14 11 145 156
14 11 156 167
14 14 167 181
14 8 181 189
13 14 190 204
13 1 204 205
13 1 205 206
13 7 206 213
13 14 213 227
13 10 227 237
13 13 237 250
13 5 250 255
13 7 255 262
13 3 262 265
13 4 265 269
13 15 269 284
13 13 284 297
13 12 297 309
13 12 309 321
13 4 321 325
13 4 325 329
12 9 330 339
12 1 339 340
12 12 340 352
12 1 352 353
12 5 353 358
11 5 359 364
11 15 364 379
10 14 380 394
10 4 394 398
10 5 398 403
10 1 403 404
9 10 405 415
9 11 415 426
9 13 426 439
9 6 439 445
9 11 445 456
9 6 456 462
8 11 463 474
8 2 474 476
7 2 477 479
7 7 479 486
7 9 486 495
7 13 495 508
6 5 509 514
6 8 514 522
6 12 522 534
6 11 534 545
6 13 545 558
6 14 558 572
6 13 572 585
6 11 585 596
6 15 596 611
6 11 611 622
6 9 622 631
6 9 631 640
6 5 640 645
6 7 645 652
6 7 652 659
6 13 659 672
6 11 672 683
6 11 683 694
6 9 694 703
6 11 703 714
6 5 714 719
6 7 719 726
5 4 727 731
5 15 731 746
5 10 746 756
5 3 756 759
4 4 760 764
3 8 765 773
3 10 773 783
3 8 783 791
3 8 791 799
3 3 799 802
2 3 803 806
2 9 806 815
2 3 815 818
2 2 818 820
2 5 820 825
1 1 826 827
1 11 827 838
