15 12 0 12
15 7 12 19
15 10 19 29
15 10 29 39
14 6 40 46
14 5 46 51
14 3 51 54
14 5 54 59
14 2 59 61
14 8 61 69
14 4 69 73
14 7 73 80
14 4 80 84
14 10 84 94
14 15 94 109
14 9 109 118
14 7 118 125
14 15 125 140
14 10 140 150
14 7 150 157
14 5 157 162
14 12 162 174
14 14 174 188
14 10 188 198
14 4 198 202
14 4 202 206
13 9 207 216
13 4 216 220
13 9 220 229
13 10 229 239
12 7 240 247
12 7 247 254
12 7 254 261
11 3 262 265
10 5 266 271
10 3 271 274
10 5 274 279
10 4 279 283
10 12 283 295
10 6 295 301
10 13 301 314
10 14 314 328
10 12 328 340
10 7 340 347
10 3 347 350
10 11 350 361
10 11 361 372
10 1 372 373
10 13 373 386
10 15 386 401
10 10 401 411
10 4 411 415
10 6 415 421
10 11 421 432
10 12 432 444
10 12 444 456
9 1 457 458
9 15 458 473
9 8 473 481
9 8 481 489
9 3 489 492
9 7 492 499
8 14 500 514
8 12 514 526
7 11 527 538
7 1 538 539
7 7 539 546
6 11 547 558
6 13 558 571
5 7 572 579
5 4 579 583
5 14 583 597
4 11 598 609
4 3 609 612
4 9 612 621
3 6 622 628
3 1 628 629
2 11 630 641
2 4 641 645
2 11 645 656
2 9 656 665
2 2 665 667
2 3 667 670
2 8 670 678
2 6 678 684
2 1 684 685
2 3 685 688
2 10 688 698
2 10 698 708
2 3 708 711
2 8 711 719
2 12 719 731
2 7 731 738
2 11 738 749
2 15 749 764
2 5 764 769
2 4 769 773
1 1 774 775
1 11 775 786
1 10 786 796
