15 10 0 10
15 8 10 18
15 7 18 25
14 14 26 40
14 9 40 49
14 11 49 60
14 12 60 72
14 5 72 77
14 5 77 82
14 1 82 83
14 2 83 85
14 4 85 89
14 10 89 99
14 4 99 103
14 11 103 114
14 11 114 125
14 3 125 128
14 6 128 134
14 3 134 137
14 13 137 150
14 8 150 158
14 6 158 164
13 8 165 173
13 6 173 179
12 13 180 193
12 14 193 207
12 15 207 222
12 8 222 230
12 15 230 245
12 2 245 247
12 8 247 255
12 13 255 268
12 10 268 278
11 5 279 284
11 4 284 288
11 4 288 292
11 7 292 299
10 8 300 308
10 1 308 309
10 10 309 319
10 8 319 327
10 2 327 329
10 9 329 338
10 6 338 344
10 2 344 346
10 8 346 354
10 10 354 364
10 10 364 374
10 10 374 384
10 8 384 392
10 11 392 403
10 2 403 405
10 1 405 406
10 7 406 413
10 9 413 422
10 11 422 433
9 12 434 446
9 1 446 447
9 9 447 456
9 10 456 466
9 10 466 476
9 5 476 481
9 6 481 487
9 14 487 501
8 3 502 505
8 8 505 513
8 12 513 525
8 3 525 528
7 9 529 538
7 12 538 550
7 7 550 557
6 8 558 566
6 10 566 576
6 12 576 588
6 15 588 603
6 12 603 615
6 5 615 620
5 15 621 636
5 12 636 648
5 4 648 652
5 11 652 663
5 4 663 667
5 11 667 678
5 5 678 683
5 8 683 691
5 11 691 702
5 9 702 711
5 12 711 723
5 14 723 737
5 2 737 739
5 13 739 752
5 11 752 763
4 6 764 770
4 15 770 785
3 1 786 787
2 13 788 801
2 15 801 816
2 4 816 820
1 6 821 827
1 1 827 828
