15 15 0 15
15 6 15 21
15 10 21 31
15 5 31 36
14 9 37 46
14 4 46 50
14 6 50 56
14 2 56 58
14 7 58 65
13 10 66 76
13 10 76 86
13 7 86 93
13 10 93 103
13 5 103 108
13 8 108 116
13 13 116 129
13 10 129 139
13 3 139 142
13 12 142 154
13 9 154 163
13 8 163 171
13 15 171 186
13 7 186 193
13 2 193 195
13 12 195 207
13 4 207 211
13 1 211 212
12 11 213 224
12 2 224 226
12 9 226 235
12 8 235 243
12 4 243 247
12 2 247 249
12 8 249 257
11 12 258 270
11 6 270 276
11 4 276 280
10 3 281 284
10 1 284 285
10 10 285 295
10 7 295 302
10 12 302 314
10 13 314 327
10 2 327 329
10 9 329 338
10 6 338 344
10 7 344 351
10 2 351 353
10 2 353 355
10 15 355 370
10 7 370 377
10 10 377 387
10 1 387 388
10 11 388 399
10 6 399 405
10 3 405 408
10 5 408 413
9 6 414 420
9 10 420 430
9 14 430 444
9 13 444 457
9 10 457 467
8 2 468 470
8 3 470 473
8 9 473 482
8 2 482 484
7 11 485 496
7 7 496 503
7 4 503 507
6 5 508 513
6 14 513 527
6 7 527 534
6 6 534 540
6 12 540 552
6 6 552 558
6 5 558 563
6 4 563 567
6 3 567 570
6 6 570 576
6 3 576 579
6 3 579 582
6 14 582 596
6 15 596 611
6 14 611 625
6 1 625 626
6 2 626 628
6 6 628 634
5 15 635 650
5 5 650 655
4 10 656 666
4 14 666 680
3 4 681 685
3 1 685 686
2 4 687 691
2 2 691 693
2 2 693 695
2 15 695 710
2 5 710 715
1 7 716 723
1 10 723 733
