15 1 0 1
15 9 1 10
15 11 10 21
15 5 21 26
15 15 26 41
15 10 41 51
15 3 51 54
15 13 54 67
15 1 67 68
15 12 68 80
15 7 80 87
15 5 87 92
15 5 92 97
15 3 97 100
15 2 100 102
15 10 102 112
15 5 112 117
15 4 117 121
15 8 121 129
15 4 129 133
14 5 134 139
14 14 139 153
13 2 154 156
13 7 156 163
12 2 164 166
12 11 166 177
12 13 177 190
12 8 190 198
12 12 198 210
12 4 210 214
11 14 215 229
11 14 229 243
11 2 243 245
11 5 245 250
11 7 250 257
10 8 258 266
10 2 266 268
10 9 268 277
10 7 277 284
10 3 284 287
9 7 288 295
9 8 295 303
9 1 303 304
8 2 305 307
8 6 307 313
8 2 313 315
8 11 315 326
7 8 327 335
7 1 335 336
7 1 336 337
7 2 337 339
7 11 339 350
7 8 350 358
6 12 359 371
6 12 371 383
6 15 383 398
6 12 398 410
6 6 410 416
6 5 416 421
6 13 421 434
6 8 434 442
6 7 442 449
6 6 449 455
6 13 455 468
6 9 468 477
6 11 477 488
6 2 488 490
6 14 490 504
6 10 504 514
5 10 515 525
5 7 525 532
4 9 533 542
4 13 542 555
4 6 555 561
3 5 562 567
3 6 567 573
2 13 574 587
2 3 587 590
2 6 590 596
2 10 596 606
2 6 606 612
2 2 612 614
2 7 614 621
2 10 621 631
2 12 631 643
2 3 643 646
2 1 646 647
2 10 647 657
2 3 657 660
2 10 660 670
2 1 670 671
2 6 671 677
2 14 677 691
2 8 691 699
2 2 699 701
2 7 701 708
1 3 709 712
1 14 712 726
1 4 726 730
1 2 730 732
