15 9 0 9
15 6 9 15
15 4 15 19
15 4 19 23
14 7 24 31
14 8 31 39
13 9 40 49
13 3 49 52
13 14 52 66
12 1 67 68
12 11 68 79
12 10 79 89
12 5 89 94
12 7 94 101
10 11 103 114
10 7 114 121
10 10 121 131
10 15 131 146
10 6 146 152
9 9 153 162
9 1 162 163
9 8 163 171
9 8 171 179
9 3 179 182
9 14 182 196
9 6 196 202
9 7 202 209
9 14 209 223
9 8 223 231
9 10 231 241
9 7 241 248
9 8 248 256
9 2 256 258
9 15 258 273
9 12 273 285
9 12 285 297
9 5 297 302
9 10 302 312
9 13 312 325
8 14 326 340
8 6 340 346
8 13 346 359
8 11 359 370
8 8 370 378
8 9 378 387
8 12 387 399
8 10 399 409
8 1 409 410
8 3 410 413
8 2 413 415
8 13 415 428
8 1 428 429
8 2 429 431
8 9 431 440
8 10 440 450
8 12 450 462
8 11 462 473
7 8 474 482
7 5 482 487
7 1 487 488
6 3 489 492
6 10 492 502
6 14 502 516
6 5 516 521
5 11 522 533
5 2 533 535
5 2 535 537
5 14 537 551
5 7 551 558
5 13 558 571
5 12 571 583
5 6 583 589
5 7 589 596
4 2 597 599
4 5 599 604
4 15 604 619
4 2 619 621
3 12 622 634
3 14 634 648
3 9 648 657
3 1 657 658
2 12 659 671
2 1 671 672
2 11 672 683
2 4 683 687
2 13 687 700
2 15 700 715
2 11 715 726
2 10 726 736
2 3 736 739
2 4 739 743
2 8 743 751
2 2 751 753
2 1 753 754
2 4 754 758
2 5 758 763
2 3 763 766
2 15 766 781
2 3 781 784
1 12 785 797
