15 3 0 3
15 6 3 9
15 10 9 19
15 1 19 20
15 14 20 34
15 4 34 38
14 2 39 41
14 10 41 51
14 2 51 53
14 15 53 68
13 7 69 76
13 8 76 84
13 6 84 90
13 3 90 93
13 15 93 108
12 6 109 115
12 14 115 129
12 7 129 136
12 1 136 137
11 15 138 153
11 6 153 159
11 13 159 172
10 9 173 182
10 14 182 196
10 3 196 199
10 6 199 205
10 8 205 213
10 15 213 228
10 6 228 234
10 14 234 248
10 6 248 254
10 6 254 260
10 14 260 274
10 15 274 289
10 8 289 297
10 6 297 303
10 4 303 307
10 6 307 313
9 15 314 329
9 9 329 338
9 9 338 347
9 14 347 361
9 4 361 365
9 7 365 372
9 10 372 382
9 6 382 388
9 13 388 401
9 5 401 406
9 7 406 413
9 10 413 423
9 1 423 424
9 10 424 434
9 7 434 441
9 10 441 451
9 13 451 464
9 10 464 474
9 4 474 478
8 15 479 494
8 7 494 501
8 5 501 506
8 5 506 511
8 4 511 515
8 5 515 520
7 11 521 532
6 13 533 546
6 8 546 554
6 5 554 559
5 13 560 573
5 11 573 584
4 10 585 595
4 2 595 597
3 12 598 610
3 10 610 620
3 14 620 634
3 10 634 644
3 3 644 647
3 1 647 648
3 1 648 649
3 11 649 660
2 7 661 668
2 10 668 678
2 4 678 682
2 5 682 687
2 15 687 702
2 6 702 708
2 10 708 718
2 6 718 724
2 1 724 725
2 7 725 732
2 11 732 743
2 7 743 750
2 1 750 751
2 12 751 763
2 4 763 767
2 10 767 777
2 11 777 788
2 15 788 803
2 1 803 804
1 14 805 819
1 8 819 827
