15 14 0 14
15 2 14 16
15 5 16 21
15 9 21 30
14 12 31 43
14 3 43 46
14 3 46 49
14 13 49 62
14 1 62 63
14 15 63 78
14 8 78 86
14 8 86 94
14 8 94 102
14 4 102 106
14 6 106 112
14 14 112 126
14 12 126 138
14 3 138 141
14 2 141 143
14 10 143 153
14 10 153 163
14 9 163 172
14 11 172 183
14 3 183 186
14 15 186 201
13 9 202 211
13 15 211 226
12 14 227 241
12 14 241 255
11 1 256 257
11 13 257 270
11 8 270 278
11 4 278 282
11 4 282 286
11 1 286 287
11 3 287 290
10 13 291 304
10 2 304 306
9 6 307 313
9 14 313 327
9 8 327 335
9 9 335 344
8 2 345 347
8 5 347 352
8 3 352 355
8 13 355 368
7 12 369 381
7 7 381 388
7 13 388 401
7 5 401 406
7 4 406 410
7 5 410 415
7 6 415 421
7 14 421 435
7 13 435 448
7 10 448 458
7 12 458 470
7 8 470 478
7 6 478 484
7 4 484 488
7 1 488 489
7 4 489 493
7 13 493 506
7 7 506 513
7 3 513 516
5 1 518 519
5 13 519 532
5 15 532 547
5 8 547 555
5 1 555 556
5 10 556 566
5 14 566 580
5 8 580 588
5 10 588 598
5 5 598 603
5 11 603 614
5 13 614 627
5 8 627 635
5 8 635 643
5 15 643 658
5 2 658 660
5 1 660 661
4 14 662 676
4 15 676 691
4 15 691 706
4 15 706 721
3 6 722 728
3 1 728 729
2 13 730 743
2 4 743 747
2 1 747 748
2 5 748 753
2 4 753 757
2 7 757 764
2 2 764 766
1 9 767 776
1 2 776 778
1 3 778 781
1 10 781 791
1 1 791 792
