15 3 0 3
15 12 3 15
15 12 15 27
15 13 27 40
15 4 40 44
15 4 44 48
15 1 48 49
15 4 49 53
15 11 53 64
15 8 64 72
15 4 72 76
15 3 76 79
15 9 79 88
15 4 88 92
15 4 92 96
15 5 96 101
15 5 101 106
15 4 106 110
14 14 111 125
14 9 125 134
14 14 134 148
14 2 148 150
13 5 151 156
13 10 156 166
13 9 166 175
12 8 176 184
12 5 184 189
12 9 189 198
12 4 198 202
12 11 202 213
12 3 213 216
11 11 217 228
11 6 228 234
11 3 234 237
11 5 237 242
10 11 243 254
10 1 254 255
10 6 255 261
9 15 262 277
9 4 277 281
9 10 281 291
8 12 292 304
8 6 304 310
8 13 310 323
8 14 323 337
8 7 337 344
8 9 344 353
8 2 353 355
7 6 356 362
7 12 362 374
7 5 374 379
5 2 381 383
5 15 383 398
5 8 398 406
5 8 406 414
5 3 414 417
5 11 417 428
5 14 428 442
4 15 443 458
4 12 458 470
4 5 470 475
4 9 475 484
3 5 485 490
3 3 490 493
3 9 493 502
3 11 502 513
3 1 513 514
3 15 514 529
3 8 529 537
3 14 537 551
3 11 551 562
3 13 562 575
3 11 575 586
3 1 586 587
3 2 587 589
3 7 589 596
3 1 596 597
3 1 597 598
3 5 598 603
3 1 603 604
2 5 605 610
2 2 610 612
2 14 612 626
1 3 627 630
1 4 630 634
1 6 634 640
1 5 640 645
1 15 645 660
1 7 660 667
1 12 667 679
1 7 679 686
1 2 686 688
1 5 688 693
1 14 693 707
1 14 707 721
1 13 721 734
1 14 734 748
1 7 748 755
1 15 755 770
1 14 770 784
