15 8 0 8
15 9 8 17
15 4 17 21
15 6 21 27
14 8 28 36
14 9 36 45
14 2 45 47
14 10 47 57
14 8 57 65
13 10 66 76
13 8 76 84
13 5 84 89
13 10 89 99
13 2 99 101
13 8 101 109
12 3 110 113
12 15 113 128
12 4 128 132
11 8 133 141
11 12 141 153
11 6 153 159
11 9 159 168
11 3 168 171
11 13 171 184
11 2 184 186
11 7 186 193
11 7 193 200
11 2 200 202
11 15 202 217
11 1 217 218
11 14 218 232
11 6 232 238
11 7 238 245
11 2 245 247
11 5 247 252
11 6 252 258
10 9 259 268
10 6 268 274
10 12 274 286
10 6 286 292
9 14 293 307
9 1 307 308
8 5 309 314
8 15 314 329
8 3 329 332
7 3 333 336
7 4 336 340
7 3 340 343
7 10 343 353
7 14 353 367
7 6 367 373
7 3 373 376
7 13 376 389
7 8 389 397
7 8 397 405
7 6 405 411
7 15 411 426
7 9 426 435
7 10 435 445
7 14 445 459
7 1 459 460
7 7 460 467
7 4 467 471
6 15 472 487
6 14 487 501
6 12 501 513
6 13 513 526
6 1 526 527
5 15 528 543
5 14 543 557
5 6 557 563
4 15 564 579
4 2 579 581
4 11 581 592
4 3 592 595
3 11 596 607
3 1 607 608
3 15 608 623
2 7 624 631
2 2 631 633
1 1 634 635
1 15 635 650
1 10 650 660
1 2 660 662
1 13 662 675
1 6 675 681
1 11 681 692
1 3 692 695
1 5 695 700
1 4 700 704
1 9 704 713
1 12 713 725
1 9 725 734
1 9 734 743
1 15 743 758
1 11 758 769
1 4 769 773
1 15 773 788
1 15 788 803
1 1 803 804
