15 2 0 2
14 2 3 5
14 1 5 6
14 7 6 13
14 10 13 23
14 12 23 35
14 9 35 44
14 3 44 47
14 8 47 55
14 13 55 68
14 10 68 78
14 2 78 80
14 14 80 94
14 10 94 104
14 15 104 119
14 7 119 126
14 12 126 138
14 10 138 148
13 9 149 158
13 14 158 172
13 14 172 186
13 8 186 194
13 1 194 195
12 9 196 205
12 4 205 209
12 2 209 211
12 12 211 223
12 2 223 225
12 4 225 229
12 2 229 231
12 7 231 238
11 14 239 253
11 8 253 261
11 15 261 276
10 2 277 279
10 4 279 283
10 7 283 290
10 14 290 304
9 11 305 316
9 12 316 328
9 5 328 333
9 3 333 336
9 12 336 348
9 6 348 354
9 3 354 357
9 14 357 371
9 2 371 373
9 2 373 375
9 13 375 388
9 2 388 390
9 9 390 399
9 8 399 407
9 2 407 409
9 2 409 411
9 14 411 425
9 10 425 435
9 6 435 441
8 14 442 456
8 4 456 460
8 11 460 471
8 7 471 478
6 2 480 482
6 12 482 494
6 12 494 506
6 6 506 512
5 3 513 516
4 4 517 521
4 6 521 527
4 11 527 538
4 14 538 552
4 10 552 562
4 11 562 573
4 5 573 578
4 10 578 588
3 1 589 590
3 10 590 600
2 1 601 602
2 1 602 603
2 10 603 613
2 7 613 620
1 9 621 630
1 12 630 642
1 7 642 649
1 15 649 664
1 6 664 670
1 4 670 674
1 3 674 677
1 12 677 689
1 2 689 691
1 9 691 700
1 2 700 702
1 2 702 704
1 14 704 718
1 1 718 719
1 8 719 727
1 5 727 732
1 9 732 741
1 10 741 751
1 2 751 753
1 11 753 764
