15 4 0 4
14 14 5 19
14 1 19 20
14 1 20 21
13 7 22 29
13 15 29 44
13 1 44 45
13 11 45 56
12 11 57 68
12 8 68 76
12 10 76 86
12 11 86 97
12 10 97 107
12 4 107 111
12 4 111 115
12 13 115 128
12 8 128 136
12 2 136 138
12 3 138 141
12 12 141 153
12 12 153 165
12 10 165 175
12 15 175 190
12 7 190 197
12 7 197 204
11 6 205 211
11 15 211 226
11 13 226 239
11 2 239 241
10 8 242 250
10 11 250 261
10 9 261 270
10 7 270 277
10 4 277 281
10 9 281 290
10 13 290 303
10 3 303 306
10 5 306 311
10 12 311 323
10 14 323 337
10 15 337 352
10 9 352 361
10 6 361 367
10 1 367 368
10 10 368 378
10 13 378 391
10 3 391 394
9 9 395 404
9 14 404 418
8 3 419 422
8 3 422 425
8 10 425 435
8 4 435 439
8 9 439 448
8 6 448 454
8 7 454 461
8 4 461 465
7 9 466 475
7 8 475 483
7 12 483 495
7 12 495 507
7 5 507 512
7 8 512 520
6 2 521 523
6 11 523 534
6 8 534 542
6 10 542 552
6 11 552 563
5 3 564 567
5 12 567 579
4 10 580 590
4 7 590 597
4 6 597 603
4 3 603 606
3 2 607 609
3 10 609 619
3 13 619 632
2 5 633 638
2 10 638 648
2 15 648 663
2 5 663 668
2 13 668 681
1 1 682 683
1 9 683 692
1 6 692 698
1 8 698 706
1 12 706 718
1 14 718 732
1 6 732 738
1 9 738 747
1 1 747 748
1 10 748 758
1 10 758 768
1 7 768 775
1 6 775 781
1 6 781 787
1 7 787 794
1 10 794 804
1 1 804 805
1 5 805 810
