15 15 0 15
15 13 15 28
15 4 28 32
15 6 32 38
15 3 38 41
15 4 41 45
15 11 45 56
15 6 56 62
15 8 62 70
15 8 70 78
15 14 78 92
15 6 92 98
15 5 98 103
15 15 103 118
15 10 118 128
15 6 128 134
15 9 134 143
15 14 143 157
15 15 157 172
15 2 172 174
15 3 174 177
14 3 178 181
14 13 181 194
14 10 194 204
14 7 204 211
14 11 211 222
14 3 222 225
14 3 225 228
14 11 228 239
14 10 239 249
14 11 249 260
14 15 260 275
14 15 275 290
14 12 290 302
14 7 302 309
14 2 309 311
14 7 311 318
14 12 318 330
14 13 330 343
14 11 343 354
13 5 355 360
13 5 360 365
13 6 365 371
13 14 371 385
13 2 385 387
13 1 387 388
13 3 388 391
13 4 391 395
13 4 395 399
13 10 399 409
13 5 409 414
13 11 414 425
13 10 425 435
13 11 435 446
13 3 446 449
13 6 449 455
13 9 455 464
13 9 464 473
13 9 473 482
13 8 482 490
12 6 491 497
12 9 497 506
12 12 506 518
12 14 518 532
12 15 532 547
12 13 547 560
11 2 561 563
11 6 563 569
11 8 569 577
11 1 577 578
10 1 579 580
10 7 580 587
10 3 587 590
10 9 590 599
10 10 599 609
8 4 611 615
8 2 615 617
7 14 618 632
7 10 632 642
7 15 642 657
6 12 658 670
6 4 670 674
6 13 674 687
6 15 687 702
5 5 703 708
4 14 709 723
4 13 723 736
4 15 736 751
3 5 752 757
3 8 757 765
3 11 765 776
3 1 776 777
3 10 777 787
3 2 787 789
3 4 789 793
2 2 794 796
2 9 796 805
2 5 805 810
1 7 811 818
1 15 818 833
