15 15 0 15
15 9 15 24
15 11 24 35
15 12 35 47
15 15 47 62
15 6 62 68
15 13 68 81
15 6 81 87
15 15 87 102
15 1 102 103
15 15 103 118
15 10 118 128
15 10 128 138
15 8 138 146
15 13 146 159
15 5 159 164
15 4 164 168
14 14 169 183
14 11 183 194
14 1 194 195
13 11 196 207
13 9 207 216
13 11 216 227
13 15 227 242
12 14 243 257
11 15 258 273
10 13 274 287
10 8 287 295
10 9 295 304
10 9 304 313
9 7 314 321
9 11 321 332
9 11 332 343
9 12 343 355
8 9 356 365
8 12 365 377
8 2 377 379
7 13 380 393
7 12 393 405
7 9 405 414
6 6 415 421
6 7 421 428
6 7 428 435
6 6 435 441
6 4 441 445
6 4 445 449
6 6 449 455
6 15 455 470
6 15 470 485
6 9 485 494
6 8 494 502
6 9 502 511
6 12 511 523
6 2 523 525
6 7 525 532
6 3 532 535
6 11 535 546
6 12 546 558
6 2 558 560
6 9 560 569
5 3 570 573
5 5 573 578
5 4 578 582
5 5 582 587
5 1 587 588
4 3 589 592
4 9 592 601
4 13 601 614
4 13 614 627
4 6 627 633
3 14 634 648
3 9 648 657
3 1 657 658
3 4 658 662
3 15 662 677
3 13 677 690
3 4 690 694
3 5 694 699
2 7 700 707
2 1 707 708
2 11 708 719
2 13 719 732
1 3 733 736
1 15 736 751
1 7 751 758
1 1 758 759
1 10 759 769
1 2 769 771
1 14 771 785
1 3 785 788
1 9 788 797
1 15 797 812
1 6 812 818
1 2 818 820
1 2 820 822
1 7 822 829
1 11 829 840
1 5 840 845
1 6 845 851
1 13 851 864
