15 13 0 13
15 12 13 25
15 14 25 39
15 8 39 47
15 5 47 52
14 8 53 61
14 8 61 69
14 1 69 70
13 4 71 75
13 7 75 82
12 7 83 90
12 10 90 100
12 14 100 114
12 5 114 119
12 15 119 134
11 6 135 141
10 8 142 150
10 9 150 159
10 2 159 161
10 12 161 173
9 7 174 181
9 2 181 183
8 11 184 195
8 4 195 199
8 15 199 214
8 1 214 215
8 15 215 230
8 2 230 232
7 12 233 245
7 7 245 252
7 5 252 257
7 12 257 269
6 14 270 284
6 3 284 287
6 8 287 295
5 3 296 299
5 11 299 310
5 10 310 320
4 9 321 330
4 15 330 345
4 4 345 349
4 4 349 353
4 12 353 365
4 1 365 366
4 12 366 378
4 13 378 391
4 2 391 393
4 6 393 399
4 1 399 400
4 3 400 403
4 1 403 404
4 2 404 406
4 15 406 421
4 5 421 426
4 2 426 428
4 9 428 437
4 8 437 445
4 12 445 457
4 10 457 467
3 6 468 474
3 1 474 475
3 3 475 478
3 7 478 485
3 7 485 492
3 2 492 494
3 9 494 503
3 11 503 514
3 10 514 524
3 3 524 527
3 14 527 541
3 10 541 551
3 15 551 566
3 15 566 581
3 12 581 593
3 1 593 594
3 1 594 595
3 8 595 603
3 13 603 616
3 7 616 623
3 15 623 638
3 6 638 644
3 7 644 651
2 6 652 658
2 1 658 659
2 5 659 664
2 14 664 678
2 3 678 681
2 2 681 683
2 6 683 689
2 12 689 701
2 1 701 702
2 7 702 709
2 8 709 717
2 7 717 724
2 14 724 738
2 6 738 744
2 8 744 752
2 1 752 753
2 3 753 756
1 10 757 767
