15 1 0 1
15 8 1 9
14 7 10 17
14 12 17 29
14 7 29 36
14 3 36 39
14 1 39 40
14 6 40 46
14 14 46 60
14 1 60 61
14 1 61 62
14 12 62 74
14 12 74 86
14 11 86 97
14 7 97 104
14 15 104 119
14 3 119 122
14 8 122 130
14 14 130 144
14 9 144 153
14 13 153 166
14 14 166 180
14 3 180 183
13 2 184 186
13 12 186 198
13 4 198 202
12 11 203 214
12 10 214 224
12 6 224 230
12 1 230 231
12 9 231 240
12 2 240 242
10 15 244 259
10 15 259 274
10 8 274 282
10 15 282 297
10 11 297 308
10 4 308 312
10 8 312 320
10 1 320 321
10 11 321 332
10 8 332 340
10 14 340 354
10 2 354 356
10 7 356 363
10 3 363 366
10 14 366 380
10 2 380 382
10 4 382 386
10 2 386 388
10 11 388 399
9 7 400 407
9 6 407 413
9 4 413 417
9 3 417 420
9 4 420 424
8 9 425 434
8 4 434 438
8 6 438 444
7 13 445 458
7 2 458 460
7 5 460 465
7 7 465 472
7 3 472 475
6 14 476 490
6 9 490 499
6 8 499 507
6 5 507 512
6 5 512 517
6 8 517 525
6 12 525 537
6 3 537 540
5 12 541 553
5 13 553 566
5 2 566 568
4 13 569 582
4 1 582 583
3 11 584 595
3 10 595 605
3 11 605 616
3 14 616 630
3 15 630 645
3 10 645 655
3 12 655 667
3 9 667 676
3 5 676 681
3 6 681 687
3 10 687 697
3 5 697 702
3 13 702 715
3 9 715 724
3 13 724 737
3 13 737 750
3 14 750 764
3 6 764 770
3 13 770 783
2 7 784 791
2 4 791 795
2 8 795 803
1 13 804 817
