15 14 0 14
15 13 14 27
15 9 27 36
15 1 36 37
15 2 37 39
15 3 39 42
15 5 42 47
15 1 47 48
15 6 48 54
15 14 54 68
15 3 68 71
15 1 71 72
15 1 72 73
15 8 73 81
15 4 81 85
15 2 85 87
15 8 87 95
15 7 95 102
14 6 103 109
14 15 109 124
14 10 124 134
14 7 134 141
14 13 141 154
14 6 154 160
14 1 160 161
14 2 161 163
14 9 163 172
14 2 172 174
14 3 174 177
14 5 177 182
14 9 182 191
14 11 191 202
14 11 202 213
14 4 213 217
14 5 217 222
14 12 222 234
14 1 234 235
14 13 235 248
13 1 249 250
13 8 250 258
13 11 258 269
13 13 269 282
11 12 284 296
11 5 296 301
11 15 301 316
10 12 317 329
10 4 329 333
10 7 333 340
9 3 341 344
8 14 345 359
8 11 359 370
7 12 371 383
7 13 383 396
7 9 396 405
7 11 405 416
7 15 416 431
7 1 431 432
7 4 432 436
7 15 436 451
7 1 451 452
7 12 452 464
7 3 464 467
7 7 467 474
7 5 474 479
7 1 479 480
7 11 480 491
7 1 491 492
7 12 492 504
7 7 504 511
7 2 511 513
6 13 514 527
6 6 527 533
6 15 533 548
6 12 548 560
6 12 560 572
6 3 572 575
6 2 575 577
6 12 577 589
5 3 590 593
5 5 593 598
5 6 598 604
5 2 604 606
4 13 607 620
4 3 620 623
4 8 623 631
4 14 631 645
3 14 646 660
3 11 660 671
3 3 671 674
3 11 674 685
2 4 686 690
2 15 690 705
2 7 705 712
2 3 712 715
2 1 715 716
2 13 716 729
2 11 729 740
1 4 741 745
1 4 745 749
1 7 749 756
