14 14 1 15
14 4 15 19
14 2 19 21
14 12 21 33
14 8 33 41
14 14 41 55
13 4 56 60
13 15 60 75
13 14 75 89
13 9 89 98
13 14 98 112
13 3 112 115
12 12 116 128
12 1 128 129
12 10 129 139
12 6 139 145
12 4 145 149
12 8 149 157
12 13 157 170
12 9 170 179
12 8 179 187
12 1 187 188
12 7 188 195
12 13 195 208
12 3 208 211
12 2 211 213
12 8 213 221
12 3 221 224
12 1 224 225
12 5 225 230
11 5 231 236
11 3 236 239
11 4 239 243
11 8 243 251
11 3 251 254
10 5 255 260
10 4 260 264
10 11 264 275
10 8 275 283
10 7 283 290
10 10 290 300
9 7 301 308
8 1 309 310
8 5 310 315
8 14 315 329
8 15 329 344
8 13 344 357
7 3 358 361
7 1 361 362
7 14 362 376
7 8 376 384
6 8 385 393
6 11 393 404
6 15 404 419
6 14 419 433
6 5 433 438
6 5 438 443
6 2 443 445
6 9 445 454
6 6 454 460
6 15 460 475
6 1 475 476
6 1 476 477
6 3 477 480
6 1 480 481
6 4 481 485
6 13 485 498
6 3 498 501
6 7 501 508
6 4 508 512
5 8 513 521
5 1 521 522
5 2 522 524
5 12 524 536
4 9 537 546
4 3 546 549
3 9 550 559
3 10 559 569
3 8 569 577
2 7 578 585
2 11 585 596
1 7 597 604
1 14 604 618
1 9 618 627
1 9 627 636
1 15 636 651
1 8 651 659
1 7 659 666
1 4 666 670
1 15 670 685
1 12 685 697
1 2 697 699
1 9 699 708
1 10 708 718
1 10 718 728
1 14 728 742
1 8 742 750
1 9 750 759
1 11 759 770
1 9 770 779
