15 6 0 6
15 12 6 18
14 9 19 28
14 3 28 31
14 4 31 35
14 5 35 40
14 5 40 45
13 12 46 58
13 11 58 69
13 8 69 77
13 6 77 83
13 11 83 94
13 8 94 102
13 2 102 104
13 2 104 106
12 4 107 111
12 4 111 115
10 12 117 129
10 13 129 142
10 11 142 153
10 15 153 168
10 1 168 169
10 5 169 174
10 15 174 189
9 14 190 204
9 8 204 212
9 12 212 224
9 2 224 226
9 13 226 239
8 2 240 242
8 3 242 245
8 14 245 259
7 7 260 267
7 1 267 268
7 13 268 281
7 8 281 289
7 13 289 302
7 11 302 313
7 11 313 324
7 10 324 334
7 6 334 340
7 10 340 350
7 2 350 352
7 11 352 363
7 14 363 377
7 1 377 378
7 11 378 389
7 9 389 398
7 15 398 413
7 8 413 421
7 3 421 424
7 12 424 436
7 10 436 446
7 4 446 450
6 10 451 461
6 2 461 463
6 5 463 468
6 6 468 474
6 14 474 488
6 12 488 500
6 5 500 505
6 5 505 510
6 10 510 520
6 9 520 529
6 7 529 536
6 8 536 544
6 1 544 545
6 1 545 546
6 15 546 561
6 2 561 563
6 4 563 567
6 10 567 577
6 5 577 582
6 12 582 594
6 4 594 598
5 2 599 601
5 4 601 605
5 6 605 611
5 8 611 619
4 12 620 632
4 10 632 642
4 15 642 657
4 5 657 662
4 12 662 674
4 13 674 687
4 13 687 700
4 9 700 709
4 12 709 721
4 13 721 734
4 13 734 747
4 15 747 762
4 12 762 774
4 3 774 777
4 3 777 780
4 12 780 792
4 9 792 801
3 10 802 812
2 12 813 825
1 1 826 827
1 15 827 842
