15 4 0 4
15 1 4 5
15 4 5 9
15 8 9 17
15 13 17 30
14 12 31 43
13 15 44 59
12 1 60 61
12 7 61 68
12 12 68 80
12 4 80 84
12 11 84 95
11 6 96 102
11 12 102 114
11 10 114 124
10 12 125 137
10 6 137 143
10 9 143 152
9 5 153 158
9 8 158 166
9 3 166 169
9 10 169 179
8 12 180 192
8 13 192 205
8 12 205 217
8 15 217 232
7 11 233 244
7 6 244 250
7 14 250 264
7 2 264 266
7 10 266 276
7 3 276 279
7 11 279 290
7 9 290 299
7 15 299 314
7 3 314 317
7 12 317 329
7 15 329 344
7 7 344 351
7 15 351 366
7 4 366 370
7 12 370 382
7 11 382 393
7 4 393 397
7 8 397 405
6 12 406 418
6 12 418 430
6 2 430 432
6 7 432 439
6 3 439 442
6 6 442 448
6 3 448 451
6 14 451 465
6 8 465 473
6 6 473 479
6 4 479 483
6 12 483 495
6 3 495 498
6 15 498 513
6 1 513 514
6 15 514 529
6 2 529 531
6 13 531 544
6 11 544 555
6 10 555 565
5 15 566 581
5 10 581 591
5 14 591 605
5 5 605 610
4 14 611 625
4 3 625 628
4 1 628 629
4 12 629 641
4 1 641 642
4 13 642 655
4 1 655 656
4 15 656 671
4 6 671 677
4 6 677 683
4 5 683 688
4 3 688 691
4 5 691 696
4 5 696 701
4 3 701 704
4 11 704 715
4 3 715 718
4 11 718 729
3 2 730 732
3 2 732 734
3 12 734 746
3 14 746 760
3 1 760 761
2 7 762 769
2 8 769 777
2 15 777 792
2 1 792 793
1 14 794 808
1 7 808 815
1 9 815 824
1 4 824 828
