15 3 0 3
15 8 3 11
15 9 11 20
15 13 20 33
14 13 34 47
14 10 47 57
14 1 57 58
14 13 58 71
13 5 72 77
13 9 77 86
13 12 86 98
13 1 98 99
12 4 100 104
12 5 104 109
12 14 109 123
11 2 124 126
11 13 126 139
11 5 139 144
11 15 144 159
11 9 159 168
11 15 168 183
11 15 183 198
10 9 199 208
10 5 208 213
10 12 213 225
10 4 225 229
10 13 229 242
10 2 242 244
10 14 244 258
10 7 258 265
10 14 265 279
10 6 279 285
10 1 285 286
10 8 286 294
10 15 294 309
10 13 309 322
10 3 322 325
10 10 325 335
10 5 335 340
9 2 341 343
9 7 343 350
9 5 350 355
8 13 356 369
8 12 369 381
8 3 381 384
8 8 384 392
8 7 392 399
8 1 399 400
8 3 400 403
8 13 403 416
8 2 416 418
8 14 418 432
8 7 432 439
8 14 439 453
8 3 453 456
8 1 456 457
8 14 457 471
8 2 471 473
8 6 473 479
8 9 479 488
8 9 488 497
7 13 498 511
6 2 512 514
6 12 514 526
6 1 526 527
6 8 527 535
5 2 536 538
5 6 538 544
5 1 544 545
5 4 545 549
4 12 550 562
4 14 562 576
4 14 576 590
4 14 590 604
4 15 604 619
4 15 619 634
4 2 634 636
4 9 636 645
4 12 645 657
4 10 657 667
4 4 667 671
4 8 671 679
4 6 679 685
4 11 685 696
4 1 696 697
4 12 697 709
4 15 709 724
3 14 725 739
3 5 739 744
3 10 744 754
3 13 754 767
3 13 767 780
2 13 781 794
2 4 794 798
2 10 798 808
2 9 808 817
1 13 818 831
1 5 831 836
1 6 836 842
1 6 842 848
