15 4 0 4
14 6 5 11
14 1 11 12
14 11 12 23
14 13 23 36
13 13 37 50
13 11 50 61
13 4 61 65
13 3 65 68
12 15 69 84
11 6 85 91
11 2 91 93
11 4 93 97
11 3 97 100
11 6 100 106
11 10 106 116
10 1 117 118
10 14 118 132
10 7 132 139
9 4 140 144
9 13 144 157
9 4 157 161
9 7 161 168
9 5 168 173
9 4 173 177
9 5 177 182
9 13 182 195
9 8 195 203
9 11 203 214
9 2 214 216
9 10 216 226
9 12 226 238
9 6 238 244
9 6 244 250
9 13 250 263
9 8 263 271
8 13 272 285
7 3 286 289
7 11 289 300
7 1 300 301
7 10 301 311
7 10 311 321
7 4 321 325
7 10 325 335
7 3 335 338
6 10 339 349
6 15 349 364
6 13 364 377
6 10 377 387
6 2 387 389
6 6 389 395
6 6 395 401
6 5 401 406
5 6 407 413
5 15 413 428
5 12 428 440
5 15 440 455
5 5 455 460
4 8 461 469
4 13 469 482
4 7 482 489
4 10 489 499
4 4 499 503
4 10 503 513
4 9 513 522
4 14 522 536
4 7 536 543
4 7 543 550
4 1 550 551
4 12 551 563
4 12 563 575
4 5 575 580
4 11 580 591
4 4 591 595
4 3 595 598
3 12 599 611
3 12 611 623
3 8 623 631
2 2 632 634
2 1 634 635
2 6 635 641
2 13 641 654
1 10 655 665
1 3 665 668
1 13 668 681
1 12 681 693
1 8 693 701
1 3 701 704
1 13 704 717
1 11 717 728
1 5 728 733
1 2 733 735
1 15 735 750
1 9 750 759
1 15 759 774
1 8 774 782
1 10 782 792
1 10 792 802
1 14 802 816
1 12 816 828
