15 1 0 1
15 6 1 7
15 7 7 14
15 1 14 15
15 14 15 29
15 9 29 38
15 6 38 44
15 6 44 50
15 9 50 59
15 1 59 60
15 7 60 67
15 14 67 81
15 6 81 87
15 14 87 101
15 14 101 115
15 6 115 121
15 7 121 128
15 6 128 134
14 6 135 141
14 4 141 145
14 2 145 147
13 9 148 157
13 3 157 160
13 3 160 163
13 2 163 165
13 2 165 167
13 4 167 171
13 9 171 180
12 10 181 191
12 10 191 201
11 11 202 213
11 13 213 226
11 12 226 238
10 15 239 254
10 15 254 269
10 4 269 273
10 1 273 274
10 6 274 280
9 1 281 282
9 11 282 293
9 5 293 298
8 14 299 313
8 12 313 325
7 2 326 328
7 14 328 342
7 9 342 351
7 4 351 355
7 15 355 370
7 7 370 377
7 6 377 383
6 2 384 386
6 3 386 389
6 14 389 403
6 1 403 404
6 15 404 419
6 10 419 429
6 10 429 439
6 7 439 446
6 6 446 452
6 4 452 456
6 2 456 458
6 9 458 467
6 10 467 477
6 9 477 486
6 14 486 500
6 2 500 502
6 8 502 510
6 4 510 514
5 3 515 518
5 7 518 525
5 15 525 540
4 15 541 556
4 9 556 565
4 3 565 568
4 4 568 572
4 14 572 586
4 15 586 601
4 11 601 612
4 7 612 619
4 15 619 634
4 10 634 644
4 9 644 653
4 4 653 657
4 5 657 662
4 13 662 675
4 3 675 678
4 10 678 688
4 13 688 701
4 11 701 712
4 11 712 723
4 4 723 727
4 9 727 736
3 14 737 751
2 5 752 757
2 8 757 765
2 8 765 773
2 10 773 783
2 5 783 788
2 3 788 791
1 3 792 795
