15 14 0 14
15 5 14 19
15 4 19 23
15 11 23 34
14 10 35 45
14 9 45 54
13 10 55 65
13 2 65 67
13 5 67 72
13 13 72 85
13 3 85 88
13 8 88 96
12 11 97 108
12 8 108 116
12 4 116 120
12 1 120 121
11 11 122 133
11 14 133 147
11 12 147 159
11 10 159 169
10 9 170 179
10 3 179 182
10 5 182 187
10 10 187 197
9 12 198 210
9 8 210 218
9 5 218 223
9 15 223 238
8 13 239 252
8 6 252 258
8 6 258 264
8 11 264 275
8 14 275 289
8 6 289 295
8 6 295 301
8 11 301 312
8 10 312 322
8 8 322 330
8 7 330 337
8 2 337 339
8 1 339 340
8 2 340 342
8 4 342 346
8 2 346 348
8 1 348 349
7 10 350 360
6 7 361 368
6 7 368 375
6 3 375 378
5 2 379 381
5 13 381 394
5 7 394 401
5 1 401 402
5 13 402 415
5 11 415 426
5 15 426 441
5 11 441 452
5 3 452 455
5 7 455 462
5 13 462 475
5 11 475 486
5 12 486 498
5 14 498 512
5 4 512 516
5 11 516 527
5 12 527 539
5 15 539 554
5 5 554 559
4 10 560 570
4 7 570 577
4 15 577 592
4 5 592 597
4 6 597 603
4 11 603 614
4 15 614 629
3 5 630 635
3 1 635 636
3 7 636 643
3 7 643 650
2 2 651 653
2 15 653 668
2 8 668 676
2 15 676 691
1 3 692 695
1 4 695 699
1 10 699 709
1 5 709 714
1 5 714 719
1 7 719 726
1 11 726 737
1 7 737 744
1 14 744 758
1 10 758 768
1 12 768 780
1 14 780 794
1 1 794 795
1 1 795 796
1 1 796 797
1 7 797 804
1 1 804 805
