15 11 0 11
15 11 11 22
15 1 22 23
15 1 23 24
14 6 25 31
14 3 31 34
14 3 34 37
14 15 37 52
14 10 52 62
14 13 62 75
14 5 75 80
14 14 80 94
14 10 94 104
14 4 104 108
14 12 108 120
14 12 120 132
14 9 132 141
14 1 141 142
14 15 142 157
14 4 157 161
14 10 161 171
14 3 171 174
14 5 174 179
14 7 179 186
14 6 186 192
13 9 193 202
13 2 202 204
13 13 204 217
12 7 218 225
12 8 225 233
12 2 233 235
12 13 235 248
12 3 248 251
12 10 251 261
12 3 261 264
12 10 264 274
12 14 274 288
12 4 288 292
12 7 292 299
12 7 299 306
12 6 306 312
12 11 312 323
12 1 323 324
12 12 324 336
12 14 336 350
12 9 350 359
11 7 360 367
11 12 367 379
11 10 379 389
11 3 389 392
11 9 392 401
11 14 401 415
10 1 416 417
10 15 417 432
10 11 432 443
10 3 443 446
10 15 446 461
10 15 461 476
10 13 476 489
10 14 489 503
10 6 503 509
10 7 509 516
10 5 516 521
10 5 521 526
10 15 526 541
10 10 541 551
10 1 551 552
10 10 552 562
10 9 562 571
9 6 572 578
9 7 578 585
9 6 585 591
9 3 591 594
9 8 594 602
9 7 602 609
9 4 609 613
9 11 613 624
9 10 624 634
8 7 635 642
7 12 643 655
7 12 655 667
7 12 667 679
7 5 679 684
6 10 685 695
6 9 695 704
6 5 704 709
6 4 709 713
4 6 715 721
4 14 721 735
3 7 736 743
3 7 743 750
3 8 750 758
3 15 758 773
3 1 773 774
3 11 774 785
2 3 786 789
1 2 790 792
1 6 792 798
1 13 798 811
1 4 811 815
