15 15 0 15
14 11 16 27
14 2 27 29
14 3 29 32
14 2 32 34
14 7 34 41
14 2 41 43
14 5 43 48
14 15 48 63
13 3 64 67
13 13 67 80
12 6 81 87
12 8 87 95
12 11 95 106
12 4 106 110
12 7 110 117
11 10 118 128
11 14 128 142
11 13 142 155
10 12 156 168
10 8 168 176
10 2 176 178
10 6 178 184
10 12 184 196
10 5 196 201
10 6 201 207
10 12 207 219
10 3 219 222
10 11 222 233
10 3 233 236
10 1 236 237
10 6 237 243
10 4 243 247
10 14 247 261
10 7 261 268
10 15 268 283
10 11 283 294
9 2 295 297
9 4 297 301
9 5 301 306
9 5 306 311
9 14 311 325
9 2 325 327
8 13 328 341
7 10 342 352
7 10 352 362
7 15 362 377
6 15 378 393
6 15 393 408
6 15 408 423
6 12 423 435
6 11 435 446
6 10 446 456
6 3 456 459
6 14 459 473
6 15 473 488
6 5 488 493
6 9 493 502
6 2 502 504
6 3 504 507
6 10 507 517
6 11 517 528
5 15 529 544
5 6 544 550
5 11 550 561
5 6 561 567
5 1 567 568
5 9 568 577
5 11 577 588
4 6 589 595
4 3 595 598
4 1 598 599
3 2 600 602
3 2 602 604
3 10 604 614
3 5 614 619
3 5 619 624
3 6 624 630
3 2 630 632
3 3 632 635
3 12 635 647
3 3 647 650
3 10 650 660
3 8 660 668
3 13 668 681
3 9 681 690
3 4 690 694
3 6 694 700
3 8 700 708
3 13 708 721
3 1 721 722
3 1 722 723
2 10 724 734
2 12 734 746
2 4 746 750
2 13 750 763
1 14 764 778
1 4 778 782
1 4 782 786
1 14 786 800
