15 15 0 15
15 13 15 28
15 3 28 31
15 15 31 46
15 13 46 59
15 3 59 62
15 4 62 66
15 3 66 69
15 9 69 78
15 13 78 91
15 12 91 103
15 14 103 117
15 5 117 122
15 4 122 126
15 10 126 136
15 3 136 139
15 4 139 143
15 2 143 145
14 2 146 148
14 9 148 157
14 14 157 171
13 8 172 180
13 15 180 195
12 10 196 206
11 4 207 211
11 5 211 216
11 6 216 222
11 1 222 223
11 6 223 229
11 12 229 241
11 10 241 251
11 4 251 255
11 12 255 267
11 3 267 270
11 3 270 273
11 3 273 276
11 9 276 285
11 4 285 289
11 9 289 298
11 3 298 301
11 5 301 306
11 8 306 314
11 2 314 316
11 13 316 329
11 4 329 333
11 2 333 335
10 11 336 347
10 5 347 352
9 7 353 360
9 10 360 370
9 7 370 377
9 14 377 391
9 12 391 403
9 7 403 410
9 9 410 419
9 7 419 426
9 9 426 435
9 3 435 438
9 10 438 448
9 4 448 452
9 6 452 458
9 10 458 468
9 10 468 478
9 13 478 491
9 5 491 496
8 3 497 500
8 2 500 502
8 12 502 514
8 4 514 518
6 14 520 534
6 7 534 541
6 7 541 548
6 14 548 562
6 12 562 574
6 10 574 584
6 10 584 594
6 6 594 600
6 9 600 609
5 14 610 624
5 11 624 635
5 11 635 646
5 14 646 660
5 6 660 666
4 5 667 672
4 14 672 686
4 1 686 687
4 6 687 693
3 3 694 697
3 1 697 698
3 9 698 707
3 8 707 715
3 3 715 718
3 4 718 722
2 7 723 730
2 11 730 741
1 3 742 745
1 4 745 749
1 1 749 750
1 2 750 752
1 3 752 755
