15 14 0 14
15 6 14 20
15 3 20 23
15 7 23 30
15 1 30 31
15 13 31 44
15 7 44 51
15 3 51 54
15 12 54 66
15 6 66 72
15 3 72 75
15 9 75 84
15 13 84 97
15 7 97 104
15 5 104 109
15 15 109 124
15 15 124 139
15 1 139 140
14 12 141 153
14 9 153 162
14 6 162 168
13 8 169 177
13 13 177 190
13 13 190 203
12 15 204 219
12 8 219 227
12 11 227 238
12 9 238 247
12 6 247 253
12 4 253 257
12 1 257 258
12 4 258 262
12 8 262 270
12 8 270 278
12 3 278 281
12 3 281 284
12 4 284 288
12 4 288 292
12 12 292 304
12 7 304 311
12 1 311 312
11 2 313 315
11 13 315 328
11 5 328 333
11 3 333 336
11 11 336 347
11 15 347 362
11 12 362 374
11 15 374 389
11 12 389 401
11 8 401 409
11 5 409 414
11 14 414 428
11 12 428 440
11 9 440 449
11 11 449 460
11 14 460 474
11 6 474 480
10 14 481 495
10 9 495 504
10 6 504 510
10 10 510 520
10 15 520 535
9 10 536 546
9 13 546 559
9 5 559 564
9 9 564 573
9 7 573 580
9 2 580 582
8 8 583 591
8 1 591 592
7 2 593 595
7 5 595 600
7 9 600 609
6 2 610 612
6 8 612 620
6 2 620 622
6 2 622 624
6 13 624 637
5 2 638 640
5 2 640 642
5 15 642 657
5 12 657 669
5 10 669 679
5 10 679 689
4 12 690 702
4 1 702 703
4 1 703 704
4 5 704 709
4 13 709 722
4 13 722 735
3 10 736 746
3 1 746 747
3 14 747 761
3 5 761 766
3 1 766 767
2 3 768 771
2 1 771 772
2 3 772 775
1 2 776 778
