15 7 0 7
15 9 7 16
15 14 16 30
15 10 30 40
15 1 40 41
15 1 41 42
15 9 42 51
15 11 51 62
15 12 62 74
15 13 74 87
15 1 87 88
15 9 88 97
15 3 97 100
15 7 100 107
15 9 107 116
15 6 116 122
15 12 122 134
15 15 134 149
15 1 149 150
15 8 150 158
15 13 158 171
15 8 171 179
15 7 179 186
15 14 186 200
13 6 202 208
13 12 208 220
13 8 220 228
12 13 229 242
12 14 242 256
11 5 257 262
11 9 262 271
11 15 271 286
11 14 286 300
10 4 301 305
10 12 305 317
10 10 317 327
10 6 327 333
10 10 333 343
10 8 343 351
9 6 352 358
9 10 358 368
9 14 368 382
9 15 382 397
9 2 397 399
9 15 399 414
9 8 414 422
9 8 422 430
9 15 430 445
9 5 445 450
9 13 450 463
9 6 463 469
9 11 469 480
9 4 480 484
9 9 484 493
9 14 493 507
9 13 507 520
8 5 521 526
8 8 526 534
8 14 534 548
7 3 549 552
6 4 553 557
6 14 557 571
6 1 571 572
6 8 572 580
6 11 580 591
6 15 591 606
6 8 606 614
6 10 614 624
6 6 624 630
6 6 630 636
6 13 636 649
6 2 649 651
6 15 651 666
6 7 666 673
6 1 673 674
6 5 674 679
6 11 679 690
6 2 690 692
6 9 692 701
5 9 702 711
5 7 711 718
5 5 718 723
5 11 723 734
5 15 734 749
4 6 750 756
4 14 756 770
4 13 770 783
4 15 783 798
3 14 799 813
3 2 813 815
3 6 815 821
3 5 821 826
3 11 826 837
2 13 838 851
2 5 851 856
1 7 857 864
1 10 864 874
1 8 874 882
1 5 882 887
1 12 887 899
