15 6 0 6
15 8 6 14
15 14 14 28
15 10 28 38
15 4 38 42
15 11 42 53
14 8 54 62
14 15 62 77
14 11 77 88
14 5 88 93
13 12 94 106
13 10 106 116
13 8 116 124
13 5 124 129
13 13 129 142
12 15 143 158
11 14 159 173
11 7 173 180
10 9 181 190
10 1 190 191
10 12 191 203
10 3 203 206
10 4 206 210
9 12 211 223
8 14 224 238
8 12 238 250
8 13 250 263
8 8 263 271
8 14 271 285
8 13 285 298
8 14 298 312
7 10 313 323
7 12 323 335
6 2 336 338
6 8 338 346
6 13 346 359
6 13 359 372
5 5 373 378
5 9 378 387
5 15 387 402
5 7 402 409
5 13 409 422
5 11 422 433
5 8 433 441
5 2 441 443
5 7 443 450
5 8 450 458
5 7 458 465
5 9 465 474
5 5 474 479
5 7 479 486
5 2 486 488
5 14 488 502
5 7 502 509
5 1 509 510
4 10 511 521
4 12 521 533
4 14 533 547
4 1 547 548
4 5 548 553
4 9 553 562
4 6 562 568
4 13 568 581
4 3 581 584
4 1 584 585
4 9 585 594
4 1 594 595
4 10 595 605
4 12 605 617
4 3 617 620
4 9 620 629
4 9 629 638
4 10 638 648
4 11 648 659
3 10 660 670
3 2 670 672
2 10 673 683
2 10 683 693
2 4 693 697
2 4 697 701
1 11 702 713
1 3 713 716
1 12 716 728
1 1 728 729
1 14 729 743
1 14 743 757
1 6 757 763
1 13 763 776
1 15 776 791
1 7 791 798
1 10 798 808
1 11 808 819
1 9 819 828
1 7 828 835
1 15 835 850
1 13 850 863
1 11 863 874
1 3 874 877
1 9 877 886
1 15 886 901
