15 12 0 12
15 10 12 22
14 14 23 37
14 10 37 47
14 5 47 52
14 11 52 63
14 4 63 67
14 12 67 79
14 8 79 87
14 3 87 90
14 10 90 100
14 6 100 106
14 2 106 108
14 4 108 112
14 6 112 118
14 7 118 125
14 2 125 127
14 2 127 129
14 1 129 130
13 7 131 138
13 10 138 148
13 7 148 155
13 2 155 157
13 4 157 161
12 1 162 163
12 15 163 178
12 9 178 187
12 3 187 190
11 4 191 195
11 1 195 196
11 15 196 211
10 11 212 223
10 5 223 228
10 14 228 242
10 11 242 253
10 3 253 256
10 4 256 260
10 14 260 274
9 11 275 286
8 13 287 300
8 9 300 309
8 14 309 323
8 11 323 334
8 3 334 337
8 7 337 344
7 13 345 358
7 3 358 361
7 8 361 369
7 9 369 378
6 14 379 393
6 14 393 407
5 11 408 419
5 4 419 423
5 2 423 425
5 7 425 432
5 14 432 446
5 7 446 453
5 14 453 467
5 5 467 472
5 14 472 486
5 6 486 492
5 12 492 504
5 9 504 513
5 8 513 521
5 3 521 524
5 15 524 539
5 13 539 552
5 4 552 556
5 11 556 567
5 8 567 575
4 3 576 579
4 2 579 581
4 4 581 585
3 15 586 601
3 12 601 613
3 5 613 618
2 6 619 625
2 15 625 640
2 13 640 653
2 11 653 664
2 8 664 672
2 12 672 684
2 1 684 685
2 4 685 689
2 4 689 693
2 13 693 706
2 8 706 714
2 10 714 724
2 6 724 730
2 5 730 735
2 12 735 747
2 5 747 752
2 14 752 766
2 12 766 778
2 2 778 780
1 13 781 794
1 3 794 797
1 12 797 809
1 13 809 822
1 9 822 831
