15 6 0 6
15 14 6 20
15 9 20 29
15 12 29 41
15 11 41 52
15 15 52 67
15 14 67 81
14 9 82 91
14 12 91 103
14 14 103 117
14 9 117 126
13 6 127 133
13 12 133 145
12 9 146 155
12 7 155 162
11 9 163 172
11 11 172 183
11 14 183 197
11 14 197 211
10 4 212 216
10 9 216 225
10 4 225 229
10 5 229 234
10 13 234 247
10 3 247 250
10 2 250 252
10 4 252 256
10 13 256 269
10 2 269 271
10 10 271 281
10 1 281 282
10 11 282 293
10 7 293 300
10 9 300 309
10 13 309 322
10 10 322 332
10 5 332 337
10 10 337 347
10 15 347 362
10 7 362 369
9 1 370 371
9 2 371 373
9 11 373 384
9 2 384 386
8 13 387 400
8 3 400 403
8 9 403 412
8 4 412 416
8 12 416 428
8 3 428 431
7 10 432 442
7 6 442 448
7 10 448 458
7 5 458 463
7 3 463 466
6 8 467 475
6 14 475 489
5 4 490 494
5 1 494 495
5 5 495 500
5 13 500 513
5 6 513 519
5 8 519 527
5 1 527 528
5 1 528 529
5 14 529 543
5 5 543 548
5 15 548 563
5 12 563 575
5 13 575 588
5 11 588 599
5 9 599 608
5 15 608 623
4 2 624 626
4 2 626 628
4 11 628 639
3 9 640 649
3 2 649 651
3 2 651 653
3 15 653 668
2 1 669 670
1 8 671 679
1 8 679 687
1 6 687 693
1 13 693 706
1 4 706 710
1 6 710 716
1 6 716 722
1 11 722 733
1 1 733 734
1 13 734 747
1 11 747 758
1 2 758 760
1 6 760 766
1 11 766 777
1 9 777 786
1 11 786 797
1 15 797 812
1 6 812 818
1 4 818 822
