15 4 0 4
15 14 4 18
15 10 18 28
15 5 28 33
15 1 33 34
14 8 35 43
13 15 44 59
13 8 59 67
12 7 68 75
12 3 75 78
11 11 79 90
11 12 90 102
11 3 102 105
11 1 105 106
11 5 106 111
11 5 111 116
11 7 116 123
11 15 123 138
10 13 139 152
10 10 152 162
10 3 162 165
10 7 165 172
9 4 173 177
9 5 177 182
9 2 182 184
9 1 184 185
9 3 185 188
8 7 189 196
8 2 196 198
8 1 198 199
8 3 199 202
7 8 203 211
7 4 211 215
7 8 215 223
7 14 223 237
7 4 237 241
7 5 241 246
7 6 246 252
7 3 252 255
7 3 255 258
7 3 258 261
7 12 261 273
7 9 273 282
7 11 282 293
7 7 293 300
7 4 300 304
7 11 304 315
7 14 315 329
7 9 329 338
6 9 339 348
6 4 348 352
6 15 352 367
6 3 367 370
6 12 370 382
6 7 382 389
6 11 389 400
6 5 400 405
6 2 405 407
6 10 407 417
6 8 417 425
6 6 425 431
6 8 431 439
6 3 439 442
6 12 442 454
6 1 454 455
6 11 455 466
6 10 466 476
6 15 476 491
6 5 491 496
6 6 496 502
6 5 502 507
5 12 508 520
5 5 520 525
4 12 526 538
4 12 538 550
4 2 550 552
4 11 552 563
3 12 564 576
3 10 576 586
3 7 586 593
3 9 593 602
2 7 603 610
2 4 610 614
2 2 614 616
2 8 616 624
1 13 625 638
1 1 638 639
1 3 639 642
1 12 642 654
1 9 654 663
1 11 663 674
1 9 674 683
1 10 683 693
1 1 693 694
1 10 694 704
1 11 704 715
1 11 715 726
1 9 726 735
1 13 735 748
1 12 748 760
