1 12 0 12
1 12 12 24
1 9 24 33
1 11 33 44
2 2 43 45
2 8 45 53
2 4 53 57
2 7 57 64
4 1 62 63
4 3 63 66
5 9 65 74
5 2 74 76
5 8 76 84
5 13 84 97
5 11 97 108
5 15 108 123
5 7 123 130
5 12 130 142
6 10 141 151
7 12 150 162
7 9 162 171
8 2 170 172
8 2 172 174
8 11 174 185
8 13 185 198
8 4 198 202
9 11 201 212
9 15 212 227
9 13 227 240
9 11 240 251
9 4 251 255
10 8 254 262
10 15 262 277
11 13 276 289
11 9 289 298
11 4 298 302
11 1 302 303
11 15 303 318
11 9 318 327
11 9 327 336
11 12 336 348
11 9 348 357
11 7 357 364
11 6 364 370
11 1 370 371
11 6 371 377
11 12 377 389
11 11 389 400
11 2 400 402
12 11 401 412
12 3 412 415
12 6 415 421
13 3 420 423
13 6 423 429
13 13 429 442
13 5 442 447
13 3 447 450
13 3 450 453
13 12 453 465
13 11 465 476
13 5 476 481
13 12 481 493
13 5 493 498
13 13 498 511
13 4 511 515
13 5 515 520
13 3 520 523
13 3 523 526
13 12 526 538
13 11 538 549
13 3 549 552
14 6 551 557
14 11 557 568
14 5 568 573
14 3 573 576
14 4 576 580
14 10 580 590
14 5 590 595
14 14 595 609
14 15 609 624
15 4 623 627
15 10 627 637
15 8 637 645
15 2 645 647
15 10 647 657
15 6 657 663
15 7 663 670
15 14 670 684
15 15 684 699
15 7 699 706
15 11 706 717
15 6 717 723
15 2 723 725
15 15 725 740
15 4 740 744
15 5 744 749
15 7 749 756
15 15 756 771
15 15 771 786
15 3 786 789
