1 1 0 1
1 4 1 5
1 15 5 20
2 4 19 23
2 9 23 32
2 8 32 40
2 5 40 45
2 9 45 54
3 5 53 58
4 3 57 60
4 12 60 72
4 14 72 86
4 8 86 94
4 13 94 107
4 2 107 109
5 3 108 111
5 7 111 118
5 10 118 128
5 11 128 139
5 15 139 154
5 5 154 159
5 6 159 165
5 13 165 178
5 7 178 185
5 2 185 187
5 7 187 194
5 13 194 207
5 12 207 219
5 2 219 221
5 4 221 225
5 1 225 226
5 12 226 238
5 15 238 253
5 12 253 265
6 2 264 266
6 14 266 280
6 11 280 291
6 12 291 303
6 8 303 311
6 3 311 314
6 15 314 329
6 12 329 341
6 2 341 343
6 1 343 344
6 15 344 359
6 7 359 366
6 5 366 371
6 11 371 382
6 9 382 391
6 9 391 400
6 8 400 408
6 12 408 420
6 4 420 424
6 6 424 430
7 6 429 435
8 7 434 441
9 2 440 442
9 4 442 446
9 10 446 456
9 6 456 462
9 12 462 474
9 9 474 483
9 12 483 495
9 1 495 496
9 14 496 510
9 6 510 516
9 4 516 520
9 11 520 531
9 5 531 536
9 8 536 544
9 1 544 545
10 13 544 557
10 2 557 559
10 14 559 573
11 4 572 576
11 7 576 583
11 11 583 594
11 7 594 601
12 13 600 613
12 9 613 622
12 8 622 630
12 9 630 639
12 6 639 645
12 5 645 650
12 5 650 655
12 10 655 665
12 10 665 675
12 8 675 683
13 9 682 691
13 13 691 704
13 13 704 717
13 11 717 728
13 5 728 733
13 8 733 741
14 11 740 751
14 10 751 761
15 9 760 769
15 14 769 783
15 1 783 784
15 15 784 799
