1 3 0 3
1 11 3 14
2 6 13 19
2 15 19 34
2 10 34 44
2 8 44 52
2 9 52 61
2 4 61 65
2 15 65 80
2 9 80 89
2 12 89 101
2 3 101 104
2 5 104 109
2 5 109 114
2 14 114 128
2 12 128 140
2 5 140 145
2 12 145 157
2 9 157 166
2 6 166 172
2 7 172 179
2 13 179 192
2 14 192 206
2 4 206 210
2 13 210 223
3 3 222 225
3 12 225 237
4 1 236 237
4 2 237 239
5 14 238 252
5 12 252 264
6 4 263 267
6 9 267 276
7 12 275 287
7 13 287 300
7 15 300 315
8 4 314 318
8 2 318 320
9 8 319 327
9 12 327 339
9 15 339 354
9 4 354 358
9 12 358 370
9 10 370 380
9 5 380 385
10 3 384 387
10 2 387 389
10 10 389 399
10 2 399 401
10 2 401 403
10 14 403 417
10 12 417 429
10 14 429 443
10 1 443 444
10 13 444 457
10 9 457 466
10 12 466 478
10 10 478 488
10 7 488 495
10 7 495 502
10 1 502 503
11 4 502 506
11 7 506 513
12 8 512 520
12 9 520 529
13 9 528 537
13 14 537 551
13 1 551 552
14 5 551 556
14 3 556 559
14 2 559 561
14 11 561 572
15 10 571 581
15 10 581 591
15 3 591 594
15 8 594 602
15 13 602 615
15 1 615 616
15 14 616 630
15 15 630 645
15 14 645 659
15 14 659 673
15 1 673 674
15 12 674 686
15 9 686 695
15 10 695 705
15 10 705 715
15 1 715 716
15 8 716 724
15 7 724 731
15 2 731 733
15 10 733 743
15 8 743 751
15 3 751 754
15 14 754 768
15 3 768 771
15 11 771 782
15 12 782 794
15 13 794 807
15 10 807 817
