1 9 0 9
1 13 9 22
1 8 22 30
1 4 30 34
1 2 34 36
1 7 36 43
1 2 43 45
1 14 45 59
1 1 59 60
1 1 60 61
1 8 61 69
1 8 69 77
1 7 77 84
1 11 84 95
1 7 95 102
1 6 102 108
1 15 108 123
1 6 123 129
1 14 129 143
1 8 143 151
1 5 151 156
1 10 156 166
1 8 166 174
2 4 173 177
2 9 177 186
2 14 186 200
2 15 200 215
2 7 215 222
3 11 221 232
3 1 232 233
4 11 232 243
4 8 243 251
4 11 251 262
4 2 262 264
4 15 264 279
4 3 279 282
4 1 282 283
4 3 283 286
4 14 286 300
4 10 300 310
4 3 310 313
4 13 313 326
4 6 326 332
4 12 332 344
4 5 344 349
4 13 349 362
4 4 362 366
5 14 365 379
5 13 379 392
5 13 392 405
5 15 405 420
5 14 420 434
5 15 434 449
5 3 449 452
5 4 452 456
5 1 456 457
5 12 457 469
6 1 468 469
6 15 469 484
6 14 484 498
6 13 498 511
7 4 510 514
7 1 514 515
7 2 515 517
7 13 517 530
8 11 529 540
8 8 540 548
8 9 548 557
8 3 557 560
8 14 560 574
8 14 574 588
8 12 588 600
8 3 600 603
8 1 603 604
8 10 604 614
8 3 614 617
8 4 617 621
8 12 621 633
8 3 633 636
8 15 636 651
8 9 651 660
8 8 660 668
8 9 668 677
9 3 676 679
9 15 679 694
9 10 694 704
10 4 703 707
11 9 706 715
11 15 715 730
11 7 730 737
12 14 736 750
12 9 750 759
12 6 759 765
12 4 765 769
12 4 769 773
13 7 772 779
14 11 778 789
14 5 789 794
14 4 794 798
14 5 798 803
