2 9 -1 8
2 6 8 14
2 9 14 23
2 15 23 38
2 11 38 49
2 11 49 60
2 1 60 61
2 15 61 76
2 2 76 78
2 1 78 79
2 14 79 93
2 12 93 105
2 10 105 115
2 7 115 122
2 2 122 124
2 15 124 139
2 9 139 148
3 1 147 148
3 15 148 163
3 4 163 167
3 2 167 169
3 12 169 181
3 4 181 185
4 1 184 185
4 12 185 197
4 12 197 209
5 15 208 223
5 8 223 231
5 7 231 238
5 5 238 243
5 4 243 247
5 6 247 253
5 15 253 268
6 6 267 273
6 10 273 283
6 2 283 285
6 13 285 298
7 7 297 304
7 5 304 309
7 12 309 321
7 10 321 331
7 4 331 335
8 9 334 343
8 6 343 349
8 12 349 361
8 8 361 369
9 7 368 375
9 9 375 384
9 11 384 395
9 11 395 406
9 7 406 413
9 10 413 423
9 5 423 428
9 6 428 434
9 15 434 449
9 3 449 452
9 12 452 464
9 3 464 467
9 12 467 479
9 3 479 482
9 14 482 496
9 2 496 498
9 15 498 513
9 1 513 514
9 8 514 522
10 15 521 536
10 7 536 543
10 2 543 545
10 8 545 553
11 11 552 563
11 1 563 564
12 7 563 570
12 11 570 581
12 9 581 590
12 10 590 600
12 14 600 614
12 5 614 619
12 6 619 625
12 2 625 627
12 15 627 642
12 7 642 649
12 11 649 660
12 7 660 667
12 3 667 670
12 3 670 673
12 15 673 688
12 1 688 689
12 2 689 691
12 2 691 693
12 11 693 704
12 6 704 710
12 9 710 719
12 14 719 733
13 7 732 739
13 2 739 741
13 4 741 745
14 8 744 752
15 2 751 753
15 13 753 766
15 13 766 779
