1 11 0 11
1 15 11 26
1 9 26 35
1 8 35 43
2 14 42 56
2 9 56 65
2 15 65 80
3 14 79 93
3 8 93 101
3 11 101 112
3 2 112 114
3 3 114 117
4 7 116 123
4 14 123 137
4 11 137 148
4 10 148 158
4 3 158 161
5 1 160 161
5 5 161 166
5 10 166 176
6 7 175 182
6 4 182 186
6 5 186 191
6 12 191 203
6 14 203 217
6 5 217 222
6 8 222 230
6 14 230 244
6 4 244 248
6 3 248 251
6 6 251 257
6 8 257 265
6 4 265 269
6 8 269 277
6 10 277 287
6 15 287 302
7 14 301 315
7 11 315 326
7 11 326 337
8 15 336 351
8 1 351 352
8 14 352 366
8 13 366 379
8 4 379 383
9 9 382 391
9 8 391 399
9 5 399 404
9 1 404 405
9 13 405 418
9 7 418 425
9 6 425 431
9 4 431 435
9 11 435 446
9 7 446 453
9 5 453 458
9 4 458 462
9 2 462 464
9 9 464 473
9 7 473 480
9 2 480 482
9 6 482 488
9 5 488 493
9 8 493 501
10 8 500 508
10 10 508 518
10 5 518 523
10 3 523 526
10 12 526 538
10 2 538 540
11 9 539 548
11 10 548 558
12 7 557 564
12 6 564 570
12 11 570 581
13 15 580 595
13 13 595 608
13 5 608 613
14 13 612 625
14 4 625 629
14 9 629 638
14 6 638 644
14 2 644 646
14 5 646 651
14 6 651 657
14 12 657 669
14 7 669 676
14 12 676 688
14 6 688 694
14 3 694 697
14 13 697 710
14 7 710 717
14 2 717 719
14 5 719 724
14 6 724 730
14 15 730 745
15 7 744 751
15 7 751 758
15 1 758 759
15 12 759 771
15 8 771 779
