1 6 0 6
1 8 6 14
1 13 14 27
1 6 27 33
2 13 32 45
2 7 45 52
2 8 52 60
2 1 60 61
2 10 61 71
3 1 70 71
3 2 71 73
3 3 73 76
3 10 76 86
3 8 86 94
3 9 94 103
3 8 103 111
3 9 111 120
3 7 120 127
3 15 127 142
3 7 142 149
3 13 149 162
3 5 162 167
3 4 167 171
3 7 171 178
3 5 178 183
3 3 183 186
4 3 185 188
4 11 188 199
5 8 198 206
5 13 206 219
5 6 219 225
5 1 225 226
5 1 226 227
5 12 227 239
5 15 239 254
5 10 254 264
5 12 264 276
5 9 276 285
5 2 285 287
5 5 287 292
5 1 292 293
5 4 293 297
5 2 297 299
5 13 299 312
5 7 312 319
6 7 318 325
6 13 325 338
6 11 338 349
6 11 349 360
7 9 359 368
7 13 368 381
8 13 380 393
9 11 392 403
9 6 403 409
9 12 409 421
9 8 421 429
9 4 429 433
9 2 433 435
9 1 435 436
10 5 435 440
10 13 440 453
10 14 453 467
10 15 467 482
10 13 482 495
10 6 495 501
10 10 501 511
11 7 510 517
11 11 517 528
12 6 527 533
12 6 533 539
12 7 539 546
13 3 545 548
13 8 548 556
13 6 556 562
13 8 562 570
13 7 570 577
13 2 577 579
14 6 578 584
14 4 584 588
14 14 588 602
14 15 602 617
14 13 617 630
14 6 630 636
14 2 636 638
14 15 638 653
14 12 653 665
14 9 665 674
14 2 674 676
14 14 676 690
14 4 690 694
14 2 694 696
14 8 696 704
14 1 704 705
14 11 705 716
14 9 716 725
14 14 725 739
14 12 739 751
14 13 751 764
15 15 763 778
15 9 778 787
