1 8 0 8
1 12 8 20
1 1 20 21
2 14 20 34
2 2 34 36
2 15 36 51
2 5 51 56
2 3 56 59
2 5 59 64
2 7 64 71
2 12 71 83
2 1 83 84
2 3 84 87
2 1 87 88
2 12 88 100
2 1 100 101
2 15 101 116
2 14 116 130
2 2 130 132
2 12 132 144
2 8 144 152
3 2 151 153
3 9 153 162
3 3 162 165
3 13 165 178
3 11 178 189
3 7 189 196
3 7 196 203
3 13 203 216
3 15 216 231
3 5 231 236
3 9 236 245
3 1 245 246
3 4 246 250
3 13 250 263
3 5 263 268
3 12 268 280
3 7 280 287
3 1 287 288
4 12 287 299
4 10 299 309
4 3 309 312
5 14 311 325
6 9 324 333
6 13 333 346
7 5 345 350
7 15 350 365
7 7 365 372
7 9 372 381
7 1 381 382
7 5 382 387
7 12 387 399
8 7 398 405
8 5 405 410
8 4 410 414
9 4 413 417
9 8 417 425
10 12 424 436
10 8 436 444
10 11 444 455
10 14 455 469
10 5 469 474
10 12 474 486
10 13 486 499
10 8 499 507
10 9 507 516
10 9 516 525
10 11 525 536
10 4 536 540
10 10 540 550
10 13 550 563
10 7 563 570
10 8 570 578
10 15 578 593
11 5 592 597
11 9 597 606
11 4 606 610
11 6 610 616
11 9 616 625
11 2 625 627
11 4 627 631
11 12 631 643
12 13 642 655
12 3 655 658
12 10 658 668
12 7 668 675
12 8 675 683
12 1 683 684
12 3 684 687
13 15 686 701
14 15 700 715
14 7 715 722
14 13 722 735
14 13 735 748
14 8 748 756
15 12 755 767
15 3 767 770
15 4 770 774
15 11 774 785
15 15 785 800
