1 15 0 15
1 2 15 17
1 12 17 29
1 10 29 39
2 6 38 44
2 4 44 48
2 4 48 52
2 13 52 65
2 14 65 79
2 3 79 82
2 13 82 95
2 8 95 103
3 10 102 112
3 11 112 123
3 8 123 131
3 1 131 132
3 7 132 139
3 4 139 143
3 6 143 149
3 6 149 155
3 11 155 166
3 12 166 178
3 12 178 190
3 9 190 199
3 14 199 213
3 14 213 227
3 9 227 236
3 5 236 241
3 1 241 242
3 15 242 257
3 4 257 261
4 8 260 268
5 6 267 273
5 12 273 285
5 2 285 287
5 3 287 290
5 9 290 299
6 2 298 300
6 7 300 307
6 15 307 322
6 11 322 333
6 9 333 342
6 14 342 356
6 5 356 361
7 1 360 361
8 1 360 361
8 7 361 368
8 4 368 372
8 3 372 375
8 15 375 390
9 8 389 397
9 5 397 402
9 3 402 405
9 3 405 408
9 15 408 423
10 13 422 435
10 4 435 439
10 14 439 453
10 8 453 461
10 2 461 463
10 13 463 476
10 2 476 478
10 9 478 487
10 11 487 498
10 4 498 502
10 14 502 516
10 11 516 527
10 13 527 540
10 5 540 545
10 3 545 548
11 13 547 560
11 12 560 572
12 4 571 575
12 15 575 590
12 4 590 594
12 4 594 598
12 4 598 602
12 2 602 604
12 9 604 613
12 4 613 617
12 10 617 627
12 15 627 642
12 11 642 653
12 7 653 660
12 6 660 666
12 11 666 677
12 7 677 684
12 9 684 693
12 10 693 703
12 10 703 713
12 11 713 724
12 6 724 730
13 1 729 730
14 13 729 742
14 3 742 745
14 4 745 749
15 11 748 759
15 12 759 771
15 13 771 784
15 15 784 799
