1 14 0 14
1 10 14 24
1 11 24 35
1 12 35 47
1 4 47 51
1 12 51 63
2 10 62 72
2 2 72 74
2 1 74 75
2 8 75 83
3 8 82 90
3 1 90 91
3 4 91 95
3 14 95 109
4 8 108 116
4 14 116 130
4 15 130 145
5 10 144 154
5 7 154 161
5 14 161 175
5 2 175 177
5 6 177 183
5 9 183 192
5 9 192 201
5 14 201 215
5 7 215 222
5 10 222 232
5 8 232 240
5 11 240 251
5 13 251 264
5 14 264 278
5 15 278 293
5 9 293 302
5 3 302 305
5 8 305 313
5 5 313 318
5 10 318 328
5 1 328 329
5 13 329 342
6 2 341 343
6 7 343 350
6 8 350 358
7 8 357 365
7 4 365 369
7 6 369 375
7 10 375 385
8 14 384 398
8 7 398 405
8 11 405 416
8 5 416 421
8 9 421 430
8 10 430 440
8 9 440 449
8 14 449 463
8 7 463 470
8 1 470 471
8 6 471 477
8 1 477 478
8 14 478 492
8 15 492 507
8 12 507 519
8 6 519 525
8 5 525 530
8 10 530 540
8 12 540 552
8 11 552 563
9 13 562 575
10 2 574 576
10 14 576 590
10 2 590 592
11 4 591 595
11 15 595 610
11 10 610 620
11 5 620 625
11 4 625 629
11 1 629 630
11 13 630 643
11 11 643 654
11 10 654 664
11 11 664 675
11 7 675 682
11 14 682 696
11 3 696 699
11 14 699 713
11 6 713 719
11 7 719 726
11 14 726 740
11 7 740 747
11 11 747 758
12 7 757 764
12 1 764 765
13 14 764 778
14 7 777 784
14 15 784 799
14 10 799 809
15 11 808 819
15 11 819 830
15 9 830 839
15 3 839 842
15 13 842 855
