1 2 0 2
1 13 2 15
1 13 15 28
1 6 28 34
1 12 34 46
1 1 46 47
1 13 47 60
1 5 60 65
1 14 65 79
1 4 79 83
1 3 83 86
1 11 86 97
1 15 97 112
1 1 112 113
1 1 113 114
1 5 114 119
1 1 119 120
2 7 119 126
2 1 126 127
2 9 127 136
2 3 136 139
3 6 138 144
3 10 144 154
3 14 154 168
4 6 167 173
4 3 173 176
4 5 176 181
4 1 181 182
4 15 182 197
5 11 196 207
5 1 207 208
5 7 208 215
5 11 215 226
5 8 226 234
6 13 233 246
6 13 246 259
6 6 259 265
6 4 265 269
6 14 269 283
6 6 283 289
6 8 289 297
6 7 297 304
6 1 304 305
6 10 305 315
6 11 315 326
6 1 326 327
6 2 327 329
6 8 329 337
6 13 337 350
6 15 350 365
6 13 365 378
6 10 378 388
6 11 388 399
6 8 399 407
7 8 406 414
7 6 414 420
7 4 420 424
7 1 424 425
7 12 425 437
8 9 436 445
8 12 445 457
8 5 457 462
9 13 461 474
9 13 474 487
9 14 487 501
9 8 501 509
9 15 509 524
9 4 524 528
9 11 528 539
9 1 539 540
9 4 540 544
9 7 544 551
9 14 551 565
9 2 565 567
9 10 567 577
9 14 577 591
9 3 591 594
9 4 594 598
9 14 598 612
9 7 612 619
9 9 619 628
10 5 627 632
10 14 632 646
11 11 645 656
11 5 656 661
12 14 660 674
12 10 674 684
12 7 684 691
12 6 691 697
13 13 696 709
13 1 709 710
13 10 710 720
14 2 719 721
14 2 721 723
14 6 723 729
14 5 729 734
14 1 734 735
14 15 735 750
15 9 749 758
15 14 758 772
