1 7 0 7
1 5 7 12
2 7 11 18
2 11 18 29
2 14 29 43
2 6 43 49
2 7 49 56
2 2 56 58
2 8 58 66
2 13 66 79
2 5 79 84
2 14 84 98
2 8 98 106
2 6 106 112
2 15 112 127
2 1 127 128
2 4 128 132
2 11 132 143
2 3 143 146
2 4 146 150
2 3 150 153
2 5 153 158
2 3 158 161
2 8 161 169
3 7 168 175
3 2 175 177
3 10 177 187
3 9 187 196
3 7 196 203
3 9 203 212
3 3 212 215
3 15 215 230
3 11 230 241
3 7 241 248
3 15 248 263
3 10 263 273
3 14 273 287
3 2 287 289
3 4 289 293
3 6 293 299
3 1 299 300
3 14 300 314
4 15 313 328
4 13 328 341
4 9 341 350
4 14 350 364
4 1 364 365
4 8 365 373
5 7 372 379
5 7 379 386
6 4 385 389
6 4 389 393
7 10 392 402
7 4 402 406
8 9 405 414
8 10 414 424
9 3 423 426
9 14 426 440
9 8 440 448
9 14 448 462
10 9 461 470
10 3 470 473
10 2 473 475
10 1 475 476
10 13 476 489
10 11 489 500
10 9 500 509
10 11 509 520
10 6 520 526
10 4 526 530
10 3 530 533
10 11 533 544
10 2 544 546
10 14 546 560
10 12 560 572
10 13 572 585
10 4 585 589
10 15 589 604
10 13 604 617
10 10 617 627
10 12 627 639
10 11 639 650
11 2 649 651
11 3 651 654
11 1 654 655
11 10 655 665
11 3 665 668
12 4 667 671
12 8 671 679
12 4 679 683
12 11 683 694
13 15 693 708
13 9 708 717
13 12 717 729
13 13 729 742
14 9 741 750
14 11 750 761
15 1 760 761
15 1 761 762
15 11 762 773
