1 15 0 15
1 8 15 23
1 10 23 33
2 10 32 42
2 15 42 57
2 3 57 60
3 9 59 68
3 14 68 82
4 8 81 89
4 13 89 102
4 14 102 116
4 5 116 121
4 11 121 132
4 9 132 141
4 6 141 147
5 2 146 148
5 8 148 156
5 14 156 170
6 1 169 170
6 15 170 185
6 4 185 189
6 15 189 204
6 9 204 213
6 15 213 228
6 4 228 232
6 14 232 246
6 9 246 255
6 13 255 268
6 5 268 273
6 6 273 279
6 15 279 294
6 1 294 295
6 13 295 308
6 11 308 319
7 12 318 330
7 12 330 342
7 11 342 353
8 2 352 354
8 1 354 355
8 7 355 362
8 6 362 368
8 13 368 381
9 9 380 389
9 8 389 397
9 1 397 398
9 8 398 406
9 13 406 419
9 8 419 427
10 13 426 439
10 7 439 446
10 2 446 448
10 5 448 453
11 2 452 454
11 9 454 463
11 3 463 466
11 11 466 477
11 7 477 484
11 3 484 487
11 12 487 499
11 2 499 501
11 2 501 503
11 15 503 518
11 15 518 533
11 13 533 546
11 14 546 560
11 2 560 562
11 6 562 568
11 3 568 571
11 2 571 573
11 12 573 585
11 4 585 589
12 14 588 602
12 11 602 613
12 4 613 617
12 8 617 625
12 3 625 628
12 8 628 636
12 3 636 639
12 14 639 653
12 5 653 658
12 10 658 668
12 8 668 676
12 12 676 688
12 6 688 694
12 8 694 702
12 14 702 716
12 5 716 721
12 12 721 733
12 10 733 743
12 3 743 746
13 2 745 747
13 3 747 750
13 1 750 751
14 8 750 758
14 3 758 761
14 5 761 766
14 3 766 769
14 8 769 777
14 4 777 781
15 5 780 785
