1 1 0 1
1 12 1 13
1 14 13 27
1 13 27 40
1 1 40 41
1 15 41 56
1 2 56 58
1 8 58 66
1 11 66 77
1 12 77 89
1 5 89 94
1 6 94 100
1 15 100 115
1 15 115 130
1 13 130 143
1 12 143 155
1 7 155 162
1 6 162 168
2 6 167 173
2 10 173 183
2 10 183 193
3 1 192 193
4 11 192 203
4 8 203 211
4 6 211 217
5 2 216 218
5 8 218 226
5 12 226 238
5 4 238 242
5 6 242 248
5 7 248 255
6 11 254 265
6 13 265 278
6 2 278 280
6 5 280 285
7 2 284 286
7 15 286 301
7 4 301 305
7 10 305 315
7 5 315 320
8 4 319 323
8 5 323 328
8 5 328 333
8 13 333 346
8 15 346 361
8 4 361 365
9 2 364 366
9 14 366 380
10 12 379 391
10 1 391 392
10 14 392 406
10 7 406 413
11 1 412 413
11 15 413 428
11 1 428 429
12 1 428 429
12 3 429 432
12 5 432 437
12 7 437 444
12 11 444 455
12 9 455 464
13 14 463 477
13 13 477 490
13 1 490 491
13 14 491 505
13 8 505 513
13 4 513 517
13 3 517 520
13 10 520 530
13 15 530 545
13 9 545 554
13 7 554 561
13 14 561 575
13 5 575 580
13 7 580 587
13 2 587 589
13 1 589 590
13 15 590 605
14 10 604 614
14 3 614 617
14 2 617 619
14 3 619 622
14 1 622 623
14 3 623 626
14 12 626 638
14 15 638 653
14 12 653 665
14 8 665 673
14 2 673 675
14 11 675 686
14 1 686 687
14 14 687 701
14 6 701 707
14 11 707 718
14 5 718 723
14 7 723 730
14 11 730 741
15 6 740 746
15 12 746 758
15 6 758 764
