1 13 0 13
1 5 13 18
1 3 18 21
1 11 21 32
1 11 32 43
2 8 42 50
2 15 50 65
2 2 65 67
2 14 67 81
3 8 80 88
3 15 88 103
3 12 103 115
4 6 114 120
4 13 120 133
4 1 133 134
4 1 134 135
6 9 133 142
7 13 141 154
7 2 154 156
8 12 155 167
8 9 167 176
8 1 176 177
9 3 176 179
9 4 179 183
9 6 183 189
9 15 189 204
9 10 204 214
9 3 214 217
10 4 216 220
10 10 220 230
10 7 230 237
10 1 237 238
10 2 238 240
10 2 240 242
10 4 242 246
10 2 246 248
10 13 248 261
10 13 261 274
10 10 274 284
10 11 284 295
10 15 295 310
10 3 310 313
10 5 313 318
10 12 318 330
10 8 330 338
10 2 338 340
10 2 340 342
10 12 342 354
10 9 354 363
11 11 362 373
11 6 373 379
11 4 379 383
11 6 383 389
12 8 388 396
12 5 396 401
12 5 401 406
12 13 406 419
12 14 419 433
12 2 433 435
12 3 435 438
12 8 438 446
12 9 446 455
12 10 455 465
12 12 465 477
12 3 477 480
12 5 480 485
12 3 485 488
12 4 488 492
12 4 492 496
12 15 496 511
12 9 511 520
12 8 520 528
13 3 527 530
14 4 529 533
14 7 533 540
14 5 540 545
14 3 545 548
14 11 548 559
14 8 559 567
14 10 567 577
14 2 577 579
14 8 579 587
14 12 587 599
14 4 599 603
14 15 603 618
14 8 618 626
14 5 626 631
14 5 631 636
14 9 636 645
14 2 645 647
14 1 647 648
14 6 648 654
14 14 654 668
14 10 668 678
15 12 677 689
15 2 689 691
15 7 691 698
15 11 698 709
15 9 709 718
15 9 718 727
