1 2 0 2
1 6 2 8
1 3 8 11
2 4 10 14
2 12 14 26
2 8 26 34
3 14 33 47
3 12 47 59
3 5 59 64
3 13 64 77
3 2 77 79
3 2 79 81
3 8 81 89
3 10 89 99
3 13 99 112
3 13 112 125
3 6 125 131
3 4 131 135
3 14 135 149
3 7 149 156
3 5 156 161
3 15 161 176
3 4 176 180
3 6 180 186
3 10 186 196
4 12 195 207
4 13 207 220
4 9 220 229
5 6 228 234
5 10 234 244
5 9 244 253
6 2 252 254
6 5 254 259
6 10 259 269
6 5 269 274
7 15 273 288
7 15 288 303
8 13 302 315
8 4 315 319
8 1 319 320
8 3 320 323
8 8 323 331
8 15 331 346
8 9 346 355
8 7 355 362
9 10 361 371
9 1 371 372
9 5 372 377
9 14 377 391
10 15 390 405
10 15 405 420
10 11 420 431
10 3 431 434
10 1 434 435
10 6 435 441
10 13 441 454
10 6 454 460
10 15 460 475
10 14 475 489
10 5 489 494
10 5 494 499
10 13 499 512
10 11 512 523
10 4 523 527
10 15 527 542
10 1 542 543
10 1 543 544
11 12 543 555
11 2 555 557
11 15 557 572
11 7 572 579
11 13 579 592
12 6 591 597
12 4 597 601
12 13 601 614
12 12 614 626
13 9 625 634
13 10 634 644
13 7 644 651
13 14 651 665
14 11 664 675
14 1 675 676
14 11 676 687
14 1 687 688
14 13 688 701
14 2 701 703
14 14 703 717
14 14 717 731
14 10 731 741
14 12 741 753
14 7 753 760
14 14 760 774
14 3 774 777
14 14 777 791
14 9 791 800
14 14 800 814
14 15 814 829
14 13 829 842
15 9 841 850
15 5 850 855
