1 5 0 5
1 15 5 20
1 7 20 27
1 10 27 37
2 4 36 40
2 14 40 54
3 7 53 60
3 13 60 73
3 6 73 79
3 12 79 91
3 13 91 104
3 11 104 115
3 2 115 117
3 8 117 125
3 15 125 140
3 14 140 154
3 3 154 157
3 1 157 158
3 6 158 164
3 2 164 166
3 8 166 174
3 14 174 188
3 15 188 203
3 9 203 212
4 11 211 222
4 15 222 237
5 15 236 251
5 14 251 265
5 13 265 278
6 11 277 288
6 15 288 303
6 2 303 305
7 9 304 313
7 15 313 328
7 8 328 336
7 14 336 350
7 9 350 359
7 11 359 370
8 12 369 381
8 12 381 393
8 10 393 403
9 7 402 409
9 6 409 415
9 12 415 427
10 4 426 430
10 10 430 440
10 7 440 447
10 5 447 452
10 13 452 465
10 4 465 469
10 11 469 480
10 14 480 494
10 9 494 503
10 15 503 518
10 10 518 528
10 6 528 534
10 10 534 544
10 11 544 555
10 5 555 560
10 2 560 562
10 4 562 566
11 8 565 573
11 10 573 583
11 13 583 596
11 12 596 608
12 8 607 615
12 7 615 622
12 3 622 625
12 13 625 638
12 11 638 649
13 5 648 653
13 1 653 654
14 8 653 661
14 15 661 676
14 10 676 686
14 10 686 696
14 1 696 697
14 3 697 700
14 9 700 709
14 4 709 713
14 15 713 728
14 3 728 731
14 5 731 736
14 8 736 744
14 10 744 754
14 13 754 767
14 14 767 781
14 3 781 784
14 1 784 785
14 9 785 794
14 6 794 800
14 3 800 803
15 3 802 805
15 11 805 816
15 12 816 828
15 9 828 837
15 9 837 846
15 6 846 852
15 9 852 861
15 2 861 863
