1 1 0 1
1 11 1 12
2 3 11 14
2 9 14 23
2 3 23 26
2 2 26 28
2 5 28 33
3 8 32 40
3 10 40 50
3 8 50 58
3 8 58 66
3 3 66 69
4 4 68 72
5 4 71 75
5 15 75 90
5 10 90 100
5 3 100 103
6 5 102 107
6 8 107 115
6 12 115 127
6 11 127 138
6 13 138 151
6 14 151 165
6 13 165 178
6 11 178 189
6 15 189 204
6 11 204 215
6 9 215 224
6 9 224 233
6 5 233 238
6 7 238 245
6 7 245 252
6 13 252 265
6 11 265 276
6 11 276 287
6 9 287 296
6 11 296 307
6 5 307 312
6 7 312 319
7 2 318 320
7 7 320 327
7 9 327 336
7 13 336 349
8 11 348 359
8 2 359 361
9 10 360 370
9 11 370 381
9 13 381 394
9 6 394 400
9 11 400 411
9 6 411 417
10 14 416 430
10 4 430 434
10 5 434 439
10 1 439 440
11 5 439 444
11 15 444 459
12 9 458 467
12 1 467 468
12 12 468 480
12 1 480 481
12 5 481 486
13 14 485 499
13 1 499 500
13 1 500 501
13 7 501 508
13 14 508 522
13 10 522 532
13 13 532 545
13 5 545 550
13 7 550 557
13 3 557 560
13 4 560 564
13 15 564 579
13 13 579 592
13 12 592 604
13 12 604 616
13 4 616 620
13 4 620 624
14 2 623 625
14 11 625 636
14 11 636 647
14 14 647 661
14 8 661 669
15 11 668 679
15 6 679 685
15 2 685 687
15 6 687 693
15 12 693 705
15 13 705 718
15 12 718 730
15 2 730 732
15 8 732 740
15 9 740 749
15 7 749 756
15 6 756 762
15 14 762 776
15 14 776 790
15 6 790 796
15 14 796 810
