1 1 0 1
1 11 1 12
1 10 12 22
2 11 21 32
2 4 32 36
2 11 36 47
2 9 47 56
2 2 56 58
2 3 58 61
2 8 61 69
2 6 69 75
2 1 75 76
2 3 76 79
2 10 79 89
2 10 89 99
2 3 99 102
2 8 102 110
2 12 110 122
2 7 122 129
2 11 129 140
2 15 140 155
2 5 155 160
2 4 160 164
3 6 163 169
3 1 169 170
4 11 169 180
4 3 180 183
4 9 183 192
5 7 191 198
5 4 198 202
5 14 202 216
6 11 215 226
6 13 226 239
7 11 238 249
7 1 249 250
7 7 250 257
8 14 256 270
8 12 270 282
9 1 281 282
9 15 282 297
9 8 297 305
9 8 305 313
9 3 313 316
9 7 316 323
10 5 322 327
10 3 327 330
10 5 330 335
10 4 335 339
10 12 339 351
10 6 351 357
10 13 357 370
10 14 370 384
10 12 384 396
10 7 396 403
10 3 403 406
10 11 406 417
10 11 417 428
10 1 428 429
10 13 429 442
10 15 442 457
10 10 457 467
10 4 467 471
10 6 471 477
10 11 477 488
10 12 488 500
10 12 500 512
11 3 511 514
12 7 513 520
12 7 520 527
12 7 527 534
13 9 533 542
13 4 542 546
13 9 546 555
13 10 555 565
14 6 564 570
14 5 570 575
14 3 575 578
14 5 578 583
14 2 583 585
14 8 585 593
14 4 593 597
14 7 597 604
14 4 604 608
14 10 608 618
14 15 618 633
14 9 633 642
14 7 642 649
14 15 649 664
14 10 664 674
14 7 674 681
14 5 681 686
14 12 686 698
14 14 698 712
14 10 712 722
14 4 722 726
14 4 726 730
15 12 729 741
15 7 741 748
15 10 748 758
15 10 758 768
