1 6 0 6
1 1 6 7
2 13 6 19
2 15 19 34
2 4 34 38
3 1 37 38
4 6 37 43
4 15 43 58
5 15 57 72
5 12 72 84
5 4 84 88
5 11 88 99
5 4 99 103
5 11 103 114
5 5 114 119
5 8 119 127
5 11 127 138
5 9 138 147
5 12 147 159
5 14 159 173
5 2 173 175
5 13 175 188
5 11 188 199
6 8 198 206
6 10 206 216
6 12 216 228
6 15 228 243
6 12 243 255
6 5 255 260
7 9 259 268
7 12 268 280
7 7 280 287
8 3 286 289
8 8 289 297
8 12 297 309
8 3 309 312
9 12 311 323
9 1 323 324
9 9 324 333
9 10 333 343
9 10 343 353
9 5 353 358
9 6 358 364
9 14 364 378
10 8 377 385
10 1 385 386
10 10 386 396
10 8 396 404
10 2 404 406
10 9 406 415
10 6 415 421
10 2 421 423
10 8 423 431
10 10 431 441
10 10 441 451
10 10 451 461
10 8 461 469
10 11 469 480
10 2 480 482
10 1 482 483
10 7 483 490
10 9 490 499
10 11 499 510
11 5 509 514
11 4 514 518
11 4 518 522
11 7 522 529
12 13 528 541
12 14 541 555
12 15 555 570
12 8 570 578
12 15 578 593
12 2 593 595
12 8 595 603
12 13 603 616
12 10 616 626
13 8 625 633
13 6 633 639
14 14 638 652
14 9 652 661
14 11 661 672
14 12 672 684
14 5 684 689
14 5 689 694
14 1 694 695
14 2 695 697
14 4 697 701
14 10 701 711
14 4 711 715
14 11 715 726
14 11 726 737
14 3 737 740
14 6 740 746
14 3 746 749
14 13 749 762
14 8 762 770
14 6 770 776
15 10 775 785
15 8 785 793
15 7 793 800
