1 7 0 7
1 10 7 17
2 4 16 20
2 2 20 22
2 2 22 24
2 15 24 39
2 5 39 44
3 4 43 47
3 1 47 48
4 10 47 57
4 14 57 71
5 15 70 85
5 5 85 90
6 5 89 94
6 14 94 108
6 7 108 115
6 6 115 121
6 12 121 133
6 6 133 139
6 5 139 144
6 4 144 148
6 3 148 151
6 6 151 157
6 3 157 160
6 3 160 163
6 14 163 177
6 15 177 192
6 14 192 206
6 1 206 207
6 2 207 209
6 6 209 215
7 11 214 225
7 7 225 232
7 4 232 236
8 2 235 237
8 3 237 240
8 9 240 249
8 2 249 251
9 6 250 256
9 10 256 266
9 14 266 280
9 13 280 293
9 10 293 303
10 3 302 305
10 1 305 306
10 10 306 316
10 7 316 323
10 12 323 335
10 13 335 348
10 2 348 350
10 9 350 359
10 6 359 365
10 7 365 372
10 2 372 374
10 2 374 376
10 15 376 391
10 7 391 398
10 10 398 408
10 1 408 409
10 11 409 420
10 6 420 426
10 3 426 429
10 5 429 434
11 12 433 445
11 6 445 451
11 4 451 455
12 11 454 465
12 2 465 467
12 9 467 476
12 8 476 484
12 4 484 488
12 2 488 490
12 8 490 498
13 10 497 507
13 10 507 517
13 7 517 524
13 10 524 534
13 5 534 539
13 8 539 547
13 13 547 560
13 10 560 570
13 3 570 573
13 12 573 585
13 9 585 594
13 8 594 602
13 15 602 617
13 7 617 624
13 2 624 626
13 12 626 638
13 4 638 642
13 1 642 643
14 9 642 651
14 4 651 655
14 6 655 661
14 2 661 663
14 7 663 670
15 15 669 684
15 6 684 690
15 10 690 700
15 5 700 705
