1 3 0 3
1 14 3 17
1 4 17 21
1 2 21 23
2 13 22 35
2 3 35 38
2 6 38 44
2 10 44 54
2 6 54 60
2 2 60 62
2 7 62 69
2 10 69 79
2 12 79 91
2 3 91 94
2 1 94 95
2 10 95 105
2 3 105 108
2 10 108 118
2 1 118 119
2 6 119 125
2 14 125 139
2 8 139 147
2 2 147 149
2 7 149 156
3 5 155 160
3 6 160 166
4 9 165 174
4 13 174 187
4 6 187 193
5 10 192 202
5 7 202 209
6 12 208 220
6 12 220 232
6 15 232 247
6 12 247 259
6 6 259 265
6 5 265 270
6 13 270 283
6 8 283 291
6 7 291 298
6 6 298 304
6 13 304 317
6 9 317 326
6 11 326 337
6 2 337 339
6 14 339 353
6 10 353 363
7 8 362 370
7 1 370 371
7 1 371 372
7 2 372 374
7 11 374 385
7 8 385 393
8 2 392 394
8 6 394 400
8 2 400 402
8 11 402 413
9 7 412 419
9 8 419 427
9 1 427 428
10 8 427 435
10 2 435 437
10 9 437 446
10 7 446 453
10 3 453 456
11 14 455 469
11 14 469 483
11 2 483 485
11 5 485 490
11 7 490 497
12 2 496 498
12 11 498 509
12 13 509 522
12 8 522 530
12 12 530 542
12 4 542 546
13 2 545 547
13 7 547 554
14 5 553 558
14 14 558 572
15 1 571 572
15 9 572 581
15 11 581 592
15 5 592 597
15 15 597 612
15 10 612 622
15 3 622 625
15 13 625 638
15 1 638 639
15 12 639 651
15 7 651 658
15 5 658 663
15 5 663 668
15 3 668 671
15 2 671 673
15 10 673 683
15 5 683 688
15 4 688 692
15 8 692 700
15 4 700 704
