1 12 0 12
2 12 11 23
2 1 23 24
2 11 24 35
2 4 35 39
2 13 39 52
2 15 52 67
2 11 67 78
2 10 78 88
2 3 88 91
2 4 91 95
2 8 95 103
2 2 103 105
2 1 105 106
2 4 106 110
2 5 110 115
2 3 115 118
2 15 118 133
2 3 133 136
3 12 135 147
3 14 147 161
3 9 161 170
3 1 170 171
4 2 170 172
4 5 172 177
4 15 177 192
4 2 192 194
5 11 193 204
5 2 204 206
5 2 206 208
5 14 208 222
5 7 222 229
5 13 229 242
5 12 242 254
5 6 254 260
5 7 260 267
6 3 266 269
6 10 269 279
6 14 279 293
6 5 293 298
7 8 297 305
7 5 305 310
7 1 310 311
8 14 310 324
8 6 324 330
8 13 330 343
8 11 343 354
8 8 354 362
8 9 362 371
8 12 371 383
8 10 383 393
8 1 393 394
8 3 394 397
8 2 397 399
8 13 399 412
8 1 412 413
8 2 413 415
8 9 415 424
8 10 424 434
8 12 434 446
8 11 446 457
9 9 456 465
9 1 465 466
9 8 466 474
9 8 474 482
9 3 482 485
9 14 485 499
9 6 499 505
9 7 505 512
9 14 512 526
9 8 526 534
9 10 534 544
9 7 544 551
9 8 551 559
9 2 559 561
9 15 561 576
9 12 576 588
9 12 588 600
9 5 600 605
9 10 605 615
9 13 615 628
10 11 627 638
10 7 638 645
10 10 645 655
10 15 655 670
10 6 670 676
12 1 674 675
12 11 675 686
12 10 686 696
12 5 696 701
12 7 701 708
13 9 707 716
13 3 716 719
13 14 719 733
14 7 732 739
14 8 739 747
15 9 746 755
15 6 755 761
15 4 761 765
15 4 765 769
