1 14 0 14
1 8 14 22
2 7 21 28
2 10 28 38
2 4 38 42
2 5 42 47
2 15 47 62
2 6 62 68
2 10 68 78
2 6 78 84
2 1 84 85
2 7 85 92
2 11 92 103
2 7 103 110
2 1 110 111
2 12 111 123
2 4 123 127
2 10 127 137
2 11 137 148
2 15 148 163
2 1 163 164
3 12 163 175
3 10 175 185
3 14 185 199
3 10 199 209
3 3 209 212
3 1 212 213
3 1 213 214
3 11 214 225
4 10 224 234
4 2 234 236
5 13 235 248
5 11 248 259
6 13 258 271
6 8 271 279
6 5 279 284
7 11 283 294
8 15 293 308
8 7 308 315
8 5 315 320
8 5 320 325
8 4 325 329
8 5 329 334
9 15 333 348
9 9 348 357
9 9 357 366
9 14 366 380
9 4 380 384
9 7 384 391
9 10 391 401
9 6 401 407
9 13 407 420
9 5 420 425
9 7 425 432
9 10 432 442
9 1 442 443
9 10 443 453
9 7 453 460
9 10 460 470
9 13 470 483
9 10 483 493
9 4 493 497
10 9 496 505
10 14 505 519
10 3 519 522
10 6 522 528
10 8 528 536
10 15 536 551
10 6 551 557
10 14 557 571
10 6 571 577
10 6 577 583
10 14 583 597
10 15 597 612
10 8 612 620
10 6 620 626
10 4 626 630
10 6 630 636
11 15 635 650
11 6 650 656
11 13 656 669
12 6 668 674
12 14 674 688
12 7 688 695
12 1 695 696
13 7 695 702
13 8 702 710
13 6 710 716
13 3 716 719
13 15 719 734
14 2 733 735
14 10 735 745
14 2 745 747
14 15 747 762
15 3 761 764
15 6 764 770
15 10 770 780
15 1 780 781
15 14 781 795
15 4 795 799
