1 9 0 9
1 2 9 11
1 3 11 14
1 10 14 24
1 1 24 25
2 13 24 37
2 4 37 41
2 1 41 42
2 5 42 47
2 4 47 51
2 7 51 58
2 2 58 60
3 6 59 65
3 1 65 66
4 14 65 79
4 15 79 94
4 15 94 109
4 15 109 124
5 1 123 124
5 13 124 137
5 15 137 152
5 8 152 160
5 1 160 161
5 10 161 171
5 14 171 185
5 8 185 193
5 10 193 203
5 5 203 208
5 11 208 219
5 13 219 232
5 8 232 240
5 8 240 248
5 15 248 263
5 2 263 265
5 1 265 266
7 12 264 276
7 7 276 283
7 13 283 296
7 5 296 301
7 4 301 305
7 5 305 310
7 6 310 316
7 14 316 330
7 13 330 343
7 10 343 353
7 12 353 365
7 8 365 373
7 6 373 379
7 4 379 383
7 1 383 384
7 4 384 388
7 13 388 401
7 7 401 408
7 3 408 411
8 2 410 412
8 5 412 417
8 3 417 420
8 13 420 433
9 6 432 438
9 14 438 452
9 8 452 460
9 9 460 469
10 13 468 481
10 2 481 483
11 1 482 483
11 13 483 496
11 8 496 504
11 4 504 508
11 4 508 512
11 1 512 513
11 3 513 516
12 14 515 529
12 14 529 543
13 9 542 551
13 15 551 566
14 12 565 577
14 3 577 580
14 3 580 583
14 13 583 596
14 1 596 597
14 15 597 612
14 8 612 620
14 8 620 628
14 8 628 636
14 4 636 640
14 6 640 646
14 14 646 660
14 12 660 672
14 3 672 675
14 2 675 677
14 10 677 687
14 10 687 697
14 9 697 706
14 11 706 717
14 3 717 720
14 15 720 735
15 14 734 748
15 2 748 750
15 5 750 755
15 9 755 764
