1 3 0 3
1 4 3 7
1 6 7 13
1 5 13 18
1 15 18 33
1 7 33 40
1 12 40 52
1 7 52 59
1 2 59 61
1 5 61 66
1 14 66 80
1 14 80 94
1 13 94 107
1 14 107 121
1 7 121 128
1 15 128 143
1 14 143 157
2 5 156 161
2 2 161 163
2 14 163 177
3 5 176 181
3 3 181 184
3 9 184 193
3 11 193 204
3 1 204 205
3 15 205 220
3 8 220 228
3 14 228 242
3 11 242 253
3 13 253 266
3 11 266 277
3 1 277 278
3 2 278 280
3 7 280 287
3 1 287 288
3 1 288 289
3 5 289 294
3 1 294 295
4 15 294 309
4 12 309 321
4 5 321 326
4 9 326 335
5 2 334 336
5 15 336 351
5 8 351 359
5 8 359 367
5 3 367 370
5 11 370 381
5 14 381 395
7 6 393 399
7 12 399 411
7 5 411 416
8 12 415 427
8 6 427 433
8 13 433 446
8 14 446 460
8 7 460 467
8 9 467 476
8 2 476 478
9 15 477 492
9 4 492 496
9 10 496 506
10 11 505 516
10 1 516 517
10 6 517 523
11 11 522 533
11 6 533 539
11 3 539 542
11 5 542 547
12 8 546 554
12 5 554 559
12 9 559 568
12 4 568 572
12 11 572 583
12 3 583 586
13 5 585 590
13 10 590 600
13 9 600 609
14 14 608 622
14 9 622 631
14 14 631 645
14 2 645 647
15 3 646 649
15 12 649 661
15 12 661 673
15 13 673 686
15 4 686 690
15 4 690 694
15 1 694 695
15 4 695 699
15 11 699 710
15 8 710 718
15 4 718 722
15 3 722 725
15 9 725 734
15 4 734 738
15 4 738 742
15 5 742 747
15 5 747 752
15 4 752 756
