1 1 0 1
1 15 1 16
1 10 16 26
1 2 26 28
1 13 28 41
1 6 41 47
1 11 47 58
1 3 58 61
1 5 61 66
1 4 66 70
1 9 70 79
1 12 79 91
1 9 91 100
1 9 100 109
1 15 109 124
1 11 124 135
1 4 135 139
1 15 139 154
1 15 154 169
1 1 169 170
2 7 169 176
2 2 176 178
3 11 177 188
3 1 188 189
3 15 189 204
4 15 203 218
4 2 218 220
4 11 220 231
4 3 231 234
5 15 233 248
5 14 248 262
5 6 262 268
6 15 267 282
6 14 282 296
6 12 296 308
6 13 308 321
6 1 321 322
7 3 321 324
7 4 324 328
7 3 328 331
7 10 331 341
7 14 341 355
7 6 355 361
7 3 361 364
7 13 364 377
7 8 377 385
7 8 385 393
7 6 393 399
7 15 399 414
7 9 414 423
7 10 423 433
7 14 433 447
7 1 447 448
7 7 448 455
7 4 455 459
8 5 458 463
8 15 463 478
8 3 478 481
9 14 480 494
9 1 494 495
10 9 494 503
10 6 503 509
10 12 509 521
10 6 521 527
11 8 526 534
11 12 534 546
11 6 546 552
11 9 552 561
11 3 561 564
11 13 564 577
11 2 577 579
11 7 579 586
11 7 586 593
11 2 593 595
11 15 595 610
11 1 610 611
11 14 611 625
11 6 625 631
11 7 631 638
11 2 638 640
11 5 640 645
11 6 645 651
12 3 650 653
12 15 653 668
12 4 668 672
13 10 671 681
13 8 681 689
13 5 689 694
13 10 694 704
13 2 704 706
13 8 706 714
14 8 713 721
14 9 721 730
14 2 730 732
14 10 732 742
14 8 742 750
15 8 749 757
15 9 757 766
15 4 766 770
15 6 770 776
