1 9 0 9
1 12 9 21
1 7 21 28
1 15 28 43
1 6 43 49
1 4 49 53
1 3 53 56
1 12 56 68
1 2 68 70
1 9 70 79
1 2 79 81
1 2 81 83
1 14 83 97
1 1 97 98
1 8 98 106
1 5 106 111
1 9 111 120
1 10 120 130
1 2 130 132
1 11 132 143
2 1 142 143
2 1 143 144
2 10 144 154
2 7 154 161
3 1 160 161
3 10 161 171
4 4 170 174
4 6 174 180
4 11 180 191
4 14 191 205
4 10 205 215
4 11 215 226
4 5 226 231
4 10 231 241
5 3 240 243
6 2 242 244
6 12 244 256
6 12 256 268
6 6 268 274
8 14 272 286
8 4 286 290
8 11 290 301
8 7 301 308
9 11 307 318
9 12 318 330
9 5 330 335
9 3 335 338
9 12 338 350
9 6 350 356
9 3 356 359
9 14 359 373
9 2 373 375
9 2 375 377
9 13 377 390
9 2 390 392
9 9 392 401
9 8 401 409
9 2 409 411
9 2 411 413
9 14 413 427
9 10 427 437
9 6 437 443
10 2 442 444
10 4 444 448
10 7 448 455
10 14 455 469
11 14 468 482
11 8 482 490
11 15 490 505
12 9 504 513
12 4 513 517
12 2 517 519
12 12 519 531
12 2 531 533
12 4 533 537
12 2 537 539
12 7 539 546
13 9 545 554
13 14 554 568
13 14 568 582
13 8 582 590
13 1 590 591
14 2 590 592
14 1 592 593
14 7 593 600
14 10 600 610
14 12 610 622
14 9 622 631
14 3 631 634
14 8 634 642
14 13 642 655
14 10 655 665
14 2 665 667
14 14 667 681
14 10 681 691
14 15 691 706
14 7 706 713
14 12 713 725
14 10 725 735
15 2 734 736
