1 1 0 1
1 9 1 10
1 6 10 16
1 8 16 24
1 12 24 36
1 14 36 50
1 6 50 56
1 9 56 65
1 1 65 66
1 10 66 76
1 10 76 86
1 7 86 93
1 6 93 99
1 6 99 105
1 7 105 112
1 10 112 122
1 1 122 123
1 5 123 128
2 5 127 132
2 10 132 142
2 15 142 157
2 5 157 162
2 13 162 175
3 2 174 176
3 10 176 186
3 13 186 199
4 10 198 208
4 7 208 215
4 6 215 221
4 3 221 224
5 3 223 226
5 12 226 238
6 2 237 239
6 11 239 250
6 8 250 258
6 10 258 268
6 11 268 279
7 9 278 287
7 8 287 295
7 12 295 307
7 12 307 319
7 5 319 324
7 8 324 332
8 3 331 334
8 3 334 337
8 10 337 347
8 4 347 351
8 9 351 360
8 6 360 366
8 7 366 373
8 4 373 377
9 9 376 385
9 14 385 399
10 8 398 406
10 11 406 417
10 9 417 426
10 7 426 433
10 4 433 437
10 9 437 446
10 13 446 459
10 3 459 462
10 5 462 467
10 12 467 479
10 14 479 493
10 15 493 508
10 9 508 517
10 6 517 523
10 1 523 524
10 10 524 534
10 13 534 547
10 3 547 550
11 6 549 555
11 15 555 570
11 13 570 583
11 2 583 585
12 11 584 595
12 8 595 603
12 10 603 613
12 11 613 624
12 10 624 634
12 4 634 638
12 4 638 642
12 13 642 655
12 8 655 663
12 2 663 665
12 3 665 668
12 12 668 680
12 12 680 692
12 10 692 702
12 15 702 717
12 7 717 724
12 7 724 731
13 7 730 737
13 15 737 752
13 1 752 753
13 11 753 764
14 14 763 777
14 1 777 778
14 1 778 779
15 4 778 782
