1 7 0 7
1 15 7 22
2 2 21 23
2 9 23 32
2 5 32 37
3 5 36 41
3 8 41 49
3 11 49 60
3 1 60 61
3 10 61 71
3 2 71 73
3 4 73 77
4 14 76 90
4 13 90 103
4 15 103 118
5 5 117 122
6 12 121 133
6 4 133 137
6 13 137 150
6 15 150 165
7 14 164 178
7 10 178 188
7 15 188 203
8 4 202 206
8 2 206 208
10 1 206 207
10 7 207 214
10 3 214 217
10 9 217 226
10 10 226 236
11 2 235 237
11 6 237 243
11 8 243 251
11 1 251 252
12 6 251 257
12 9 257 266
12 12 266 278
12 14 278 292
12 15 292 307
12 13 307 320
13 5 319 324
13 5 324 329
13 6 329 335
13 14 335 349
13 2 349 351
13 1 351 352
13 3 352 355
13 4 355 359
13 4 359 363
13 10 363 373
13 5 373 378
13 11 378 389
13 10 389 399
13 11 399 410
13 3 410 413
13 6 413 419
13 9 419 428
13 9 428 437
13 9 437 446
13 8 446 454
14 3 453 456
14 13 456 469
14 10 469 479
14 7 479 486
14 11 486 497
14 3 497 500
14 3 500 503
14 11 503 514
14 10 514 524
14 11 524 535
14 15 535 550
14 15 550 565
14 12 565 577
14 7 577 584
14 2 584 586
14 7 586 593
14 12 593 605
14 13 605 618
14 11 618 629
15 15 628 643
15 13 643 656
15 4 656 660
15 6 660 666
15 3 666 669
15 4 669 673
15 11 673 684
15 6 684 690
15 8 690 698
15 8 698 706
15 14 706 720
15 6 720 726
15 5 726 731
15 15 731 746
15 10 746 756
15 6 756 762
15 9 762 771
15 14 771 785
15 15 785 800
15 2 800 802
15 3 802 805
