1 3 0 3
1 15 3 18
1 7 18 25
1 1 25 26
1 10 26 36
1 2 36 38
1 14 38 52
1 3 52 55
1 9 55 64
1 15 64 79
1 6 79 85
1 2 85 87
1 2 87 89
1 7 89 96
1 11 96 107
1 5 107 112
1 6 112 118
1 13 118 131
2 7 130 137
2 1 137 138
2 11 138 149
2 13 149 162
3 14 161 175
3 9 175 184
3 1 184 185
3 4 185 189
3 15 189 204
3 13 204 217
3 4 217 221
3 5 221 226
4 3 225 228
4 9 228 237
4 13 237 250
4 13 250 263
4 6 263 269
5 3 268 271
5 5 271 276
5 4 276 280
5 5 280 285
5 1 285 286
6 6 285 291
6 7 291 298
6 7 298 305
6 6 305 311
6 4 311 315
6 4 315 319
6 6 319 325
6 15 325 340
6 15 340 355
6 9 355 364
6 8 364 372
6 9 372 381
6 12 381 393
6 2 393 395
6 7 395 402
6 3 402 405
6 11 405 416
6 12 416 428
6 2 428 430
6 9 430 439
7 13 438 451
7 12 451 463
7 9 463 472
8 9 471 480
8 12 480 492
8 2 492 494
9 7 493 500
9 11 500 511
9 11 511 522
9 12 522 534
10 13 533 546
10 8 546 554
10 9 554 563
10 9 563 572
11 15 571 586
12 14 585 599
13 11 598 609
13 9 609 618
13 11 618 629
13 15 629 644
14 14 643 657
14 11 657 668
14 1 668 669
15 15 668 683
15 9 683 692
15 11 692 703
15 12 703 715
15 15 715 730
15 6 730 736
15 13 736 749
15 6 749 755
15 15 755 770
15 1 770 771
15 15 771 786
15 10 786 796
15 10 796 806
15 8 806 814
15 13 814 827
15 5 827 832
15 4 832 836
