1 10 0 10
2 6 9 15
2 1 15 16
2 5 16 21
2 14 21 35
2 3 35 38
2 2 38 40
2 6 40 46
2 12 46 58
2 1 58 59
2 7 59 66
2 8 66 74
2 7 74 81
2 14 81 95
2 6 95 101
2 8 101 109
2 1 109 110
2 3 110 113
3 6 112 118
3 1 118 119
3 3 119 122
3 7 122 129
3 7 129 136
3 2 136 138
3 9 138 147
3 11 147 158
3 10 158 168
3 3 168 171
3 14 171 185
3 10 185 195
3 15 195 210
3 15 210 225
3 12 225 237
3 1 237 238
3 1 238 239
3 8 239 247
3 13 247 260
3 7 260 267
3 15 267 282
3 6 282 288
3 7 288 295
4 9 294 303
4 15 303 318
4 4 318 322
4 4 322 326
4 12 326 338
4 1 338 339
4 12 339 351
4 13 351 364
4 2 364 366
4 6 366 372
4 1 372 373
4 3 373 376
4 1 376 377
4 2 377 379
4 15 379 394
4 5 394 399
4 2 399 401
4 9 401 410
4 8 410 418
4 12 418 430
4 10 430 440
5 3 439 442
5 11 442 453
5 10 453 463
6 14 462 476
6 3 476 479
6 8 479 487
7 12 486 498
7 7 498 505
7 5 505 510
7 12 510 522
8 11 521 532
8 4 532 536
8 15 536 551
8 1 551 552
8 15 552 567
8 2 567 569
9 7 568 575
9 2 575 577
10 8 576 584
10 9 584 593
10 2 593 595
10 12 595 607
11 6 606 612
12 7 611 618
12 10 618 628
12 14 628 642
12 5 642 647
12 15 647 662
13 4 661 665
13 7 665 672
14 8 671 679
14 8 679 687
14 1 687 688
15 13 687 700
15 12 700 712
15 14 712 726
15 8 726 734
15 5 734 739
