1 13 0 13
2 7 12 19
2 4 19 23
2 8 23 31
3 11 30 41
3 10 41 51
3 11 51 62
3 14 62 76
3 15 76 91
3 10 91 101
3 12 101 113
3 9 113 122
3 5 122 127
3 6 127 133
3 10 133 143
3 5 143 148
3 13 148 161
3 9 161 170
3 13 170 183
3 13 183 196
3 14 196 210
3 6 210 216
3 13 216 229
4 13 228 241
4 1 241 242
5 12 241 253
5 13 253 266
5 2 266 268
6 14 267 281
6 9 281 290
6 8 290 298
6 5 298 303
6 5 303 308
6 8 308 316
6 12 316 328
6 3 328 331
7 13 330 343
7 2 343 345
7 5 345 350
7 7 350 357
7 3 357 360
8 9 359 368
8 4 368 372
8 6 372 378
9 7 377 384
9 6 384 390
9 4 390 394
9 3 394 397
9 4 397 401
10 15 400 415
10 15 415 430
10 8 430 438
10 15 438 453
10 11 453 464
10 4 464 468
10 8 468 476
10 1 476 477
10 11 477 488
10 8 488 496
10 14 496 510
10 2 510 512
10 7 512 519
10 3 519 522
10 14 522 536
10 2 536 538
10 4 538 542
10 2 542 544
10 11 544 555
12 11 553 564
12 10 564 574
12 6 574 580
12 1 580 581
12 9 581 590
12 2 590 592
13 2 591 593
13 12 593 605
13 4 605 609
14 7 608 615
14 12 615 627
14 7 627 634
14 3 634 637
14 1 637 638
14 6 638 644
14 14 644 658
14 1 658 659
14 1 659 660
14 12 660 672
14 12 672 684
14 11 684 695
14 7 695 702
14 15 702 717
14 3 717 720
14 8 720 728
14 14 728 742
14 9 742 751
14 13 751 764
14 14 764 778
14 3 778 781
15 1 780 781
15 8 781 789
