1 4 0 4
1 4 4 8
1 7 8 15
2 4 14 18
2 15 18 33
2 7 33 40
2 3 40 43
2 1 43 44
2 13 44 57
2 11 57 68
3 14 67 81
3 11 81 92
3 3 92 95
3 11 95 106
4 13 105 118
4 3 118 121
4 8 121 129
4 14 129 143
5 3 142 145
5 5 145 150
5 6 150 156
5 2 156 158
6 13 157 170
6 6 170 176
6 15 176 191
6 12 191 203
6 12 203 215
6 3 215 218
6 2 218 220
6 12 220 232
7 12 231 243
7 13 243 256
7 9 256 265
7 11 265 276
7 15 276 291
7 1 291 292
7 4 292 296
7 15 296 311
7 1 311 312
7 12 312 324
7 3 324 327
7 7 327 334
7 5 334 339
7 1 339 340
7 11 340 351
7 1 351 352
7 12 352 364
7 7 364 371
7 2 371 373
8 14 372 386
8 11 386 397
9 3 396 399
10 12 398 410
10 4 410 414
10 7 414 421
11 12 420 432
11 5 432 437
11 15 437 452
13 1 450 451
13 8 451 459
13 11 459 470
13 13 470 483
14 6 482 488
14 15 488 503
14 10 503 513
14 7 513 520
14 13 520 533
14 6 533 539
14 1 539 540
14 2 540 542
14 9 542 551
14 2 551 553
14 3 553 556
14 5 556 561
14 9 561 570
14 11 570 581
14 11 581 592
14 4 592 596
14 5 596 601
14 12 601 613
14 1 613 614
14 13 614 627
15 14 626 640
15 13 640 653
15 9 653 662
15 1 662 663
15 2 663 665
15 3 665 668
15 5 668 673
15 1 673 674
15 6 674 680
15 14 680 694
15 3 694 697
15 1 697 698
15 1 698 699
15 8 699 707
15 4 707 711
15 2 711 713
15 8 713 721
15 7 721 728
