1 7 0 7
1 14 7 21
1 9 21 30
1 9 30 39
1 15 39 54
1 8 54 62
1 7 62 69
1 4 69 73
1 15 73 88
1 12 88 100
1 2 100 102
1 9 102 111
1 10 111 121
1 10 121 131
1 14 131 145
1 8 145 153
1 9 153 162
1 11 162 173
1 9 173 182
2 7 181 188
2 11 188 199
3 9 198 207
3 10 207 217
3 8 217 225
4 9 224 233
4 3 233 236
5 8 235 243
5 1 243 244
5 2 244 246
5 12 246 258
6 8 257 265
6 11 265 276
6 15 276 291
6 14 291 305
6 5 305 310
6 5 310 315
6 2 315 317
6 9 317 326
6 6 326 332
6 15 332 347
6 1 347 348
6 1 348 349
6 3 349 352
6 1 352 353
6 4 353 357
6 13 357 370
6 3 370 373
6 7 373 380
6 4 380 384
7 3 383 386
7 1 386 387
7 14 387 401
7 8 401 409
8 1 408 409
8 5 409 414
8 14 414 428
8 15 428 443
8 13 443 456
9 7 455 462
10 5 461 466
10 4 466 470
10 11 470 481
10 8 481 489
10 7 489 496
10 10 496 506
11 5 505 510
11 3 510 513
11 4 513 517
11 8 517 525
11 3 525 528
12 12 527 539
12 1 539 540
12 10 540 550
12 6 550 556
12 4 556 560
12 8 560 568
12 13 568 581
12 9 581 590
12 8 590 598
12 1 598 599
12 7 599 606
12 13 606 619
12 3 619 622
12 2 622 624
12 8 624 632
12 3 632 635
12 1 635 636
12 5 636 641
13 4 640 644
13 15 644 659
13 14 659 673
13 9 673 682
13 14 682 696
13 3 696 699
14 14 698 712
14 4 712 716
14 2 716 718
14 12 718 730
14 8 730 738
14 14 738 752
