1 1 0 1
1 15 1 16
2 12 15 27
3 10 26 36
4 12 35 47
4 10 47 57
4 15 57 72
4 5 72 77
4 12 77 89
4 13 89 102
4 13 102 115
4 9 115 124
4 12 124 136
4 13 136 149
4 13 149 162
4 15 162 177
4 12 177 189
4 3 189 192
4 3 192 195
4 12 195 207
4 9 207 216
5 2 215 217
5 4 217 221
5 6 221 227
5 8 227 235
6 10 234 244
6 2 244 246
6 5 246 251
6 6 251 257
6 14 257 271
6 12 271 283
6 5 283 288
6 5 288 293
6 10 293 303
6 9 303 312
6 7 312 319
6 8 319 327
6 1 327 328
6 1 328 329
6 15 329 344
6 2 344 346
6 4 346 350
6 10 350 360
6 5 360 365
6 12 365 377
6 4 377 381
7 7 380 387
7 1 387 388
7 13 388 401
7 8 401 409
7 13 409 422
7 11 422 433
7 11 433 444
7 10 444 454
7 6 454 460
7 10 460 470
7 2 470 472
7 11 472 483
7 14 483 497
7 1 497 498
7 11 498 509
7 9 509 518
7 15 518 533
7 8 533 541
7 3 541 544
7 12 544 556
7 10 556 566
7 4 566 570
8 2 569 571
8 3 571 574
8 14 574 588
9 14 587 601
9 8 601 609
9 12 609 621
9 2 621 623
9 13 623 636
10 12 635 647
10 13 647 660
10 11 660 671
10 15 671 686
10 1 686 687
10 5 687 692
10 15 692 707
12 4 705 709
12 4 709 713
13 12 712 724
13 11 724 735
13 8 735 743
13 6 743 749
13 11 749 760
13 8 760 768
13 2 768 770
13 2 770 772
14 9 771 780
14 3 780 783
14 4 783 787
14 5 787 792
14 5 792 797
15 6 796 802
15 12 802 814
