1 14 0 14
1 7 14 21
1 9 21 30
1 4 30 34
2 7 33 40
2 8 40 48
2 15 48 63
2 1 63 64
3 2 63 65
3 2 65 67
3 12 67 79
3 14 79 93
3 1 93 94
4 14 93 107
4 3 107 110
4 1 110 111
4 12 111 123
4 1 123 124
4 13 124 137
4 1 137 138
4 15 138 153
4 6 153 159
4 6 159 165
4 5 165 170
4 3 170 173
4 5 173 178
4 5 178 183
4 3 183 186
4 11 186 197
4 3 197 200
4 11 200 211
5 15 210 225
5 10 225 235
5 14 235 249
5 5 249 254
6 12 253 265
6 12 265 277
6 2 277 279
6 7 279 286
6 3 286 289
6 6 289 295
6 3 295 298
6 14 298 312
6 8 312 320
6 6 320 326
6 4 326 330
6 12 330 342
6 3 342 345
6 15 345 360
6 1 360 361
6 15 361 376
6 2 376 378
6 13 378 391
6 11 391 402
6 10 402 412
7 11 411 422
7 6 422 428
7 14 428 442
7 2 442 444
7 10 444 454
7 3 454 457
7 11 457 468
7 9 468 477
7 15 477 492
7 3 492 495
7 12 495 507
7 15 507 522
7 7 522 529
7 15 529 544
7 4 544 548
7 12 548 560
7 11 560 571
7 4 571 575
7 8 575 583
8 12 582 594
8 13 594 607
8 12 607 619
8 15 619 634
9 5 633 638
9 8 638 646
9 3 646 649
9 10 649 659
10 12 658 670
10 6 670 676
10 9 676 685
11 6 684 690
11 12 690 702
11 10 702 712
12 1 711 712
12 7 712 719
12 12 719 731
12 4 731 735
12 11 735 746
13 15 745 760
14 12 759 771
15 4 770 774
15 1 774 775
15 4 775 779
15 8 779 787
15 13 787 800
