1 13 0 13
1 5 13 18
1 6 18 24
1 6 24 30
2 13 29 42
2 4 42 46
2 10 46 56
2 9 56 65
3 14 64 78
3 5 78 83
3 10 83 93
3 13 93 106
3 13 106 119
4 12 118 130
4 14 130 144
4 14 144 158
4 14 158 172
4 15 172 187
4 15 187 202
4 2 202 204
4 9 204 213
4 12 213 225
4 10 225 235
4 4 235 239
4 8 239 247
4 6 247 253
4 11 253 264
4 1 264 265
4 12 265 277
4 15 277 292
5 2 291 293
5 6 293 299
5 1 299 300
5 4 300 304
6 2 303 305
6 12 305 317
6 1 317 318
6 8 318 326
7 13 325 338
8 13 337 350
8 12 350 362
8 3 362 365
8 8 365 373
8 7 373 380
8 1 380 381
8 3 381 384
8 13 384 397
8 2 397 399
8 14 399 413
8 7 413 420
8 14 420 434
8 3 434 437
8 1 437 438
8 14 438 452
8 2 452 454
8 6 454 460
8 9 460 469
8 9 469 478
9 2 477 479
9 7 479 486
9 5 486 491
10 9 490 499
10 5 499 504
10 12 504 516
10 4 516 520
10 13 520 533
10 2 533 535
10 14 535 549
10 7 549 556
10 14 556 570
10 6 570 576
10 1 576 577
10 8 577 585
10 15 585 600
10 13 600 613
10 3 613 616
10 10 616 626
10 5 626 631
11 2 630 632
11 13 632 645
11 5 645 650
11 15 650 665
11 9 665 674
11 15 674 689
11 15 689 704
12 4 703 707
12 5 707 712
12 14 712 726
13 5 725 730
13 9 730 739
13 12 739 751
13 1 751 752
14 13 751 764
14 10 764 774
14 1 774 775
14 13 775 788
15 3 787 790
15 8 790 798
15 9 798 807
15 13 807 820
