1 10 0 10
1 3 10 13
1 13 13 26
1 12 26 38
1 8 38 46
1 3 46 49
1 13 49 62
1 11 62 73
1 5 73 78
1 2 78 80
1 15 80 95
1 9 95 104
1 15 104 119
1 8 119 127
1 10 127 137
1 10 137 147
1 14 147 161
1 12 161 173
2 2 172 174
2 1 174 175
2 6 175 181
2 13 181 194
3 12 193 205
3 12 205 217
3 8 217 225
4 8 224 232
4 13 232 245
4 7 245 252
4 10 252 262
4 4 262 266
4 10 266 276
4 9 276 285
4 14 285 299
4 7 299 306
4 7 306 313
4 1 313 314
4 12 314 326
4 12 326 338
4 5 338 343
4 11 343 354
4 4 354 358
4 3 358 361
5 6 360 366
5 15 366 381
5 12 381 393
5 15 393 408
5 5 408 413
6 10 412 422
6 15 422 437
6 13 437 450
6 10 450 460
6 2 460 462
6 6 462 468
6 6 468 474
6 5 474 479
7 3 478 481
7 11 481 492
7 1 492 493
7 10 493 503
7 10 503 513
7 4 513 517
7 10 517 527
7 3 527 530
8 13 529 542
9 4 541 545
9 13 545 558
9 4 558 562
9 7 562 569
9 5 569 574
9 4 574 578
9 5 578 583
9 13 583 596
9 8 596 604
9 11 604 615
9 2 615 617
9 10 617 627
9 12 627 639
9 6 639 645
9 6 645 651
9 13 651 664
9 8 664 672
10 1 671 672
10 14 672 686
10 7 686 693
11 6 692 698
11 2 698 700
11 4 700 704
11 3 704 707
11 6 707 713
11 10 713 723
12 15 722 737
13 13 736 749
13 11 749 760
13 4 760 764
13 3 764 767
14 6 766 772
14 1 772 773
14 11 773 784
14 13 784 797
15 4 796 800
