1 3 0 3
2 5 2 7
2 8 7 15
2 8 15 23
2 10 23 33
2 5 33 38
2 3 38 41
3 14 40 54
4 15 53 68
4 9 68 77
4 3 77 80
4 4 80 84
4 14 84 98
4 15 98 113
4 11 113 124
4 7 124 131
4 15 131 146
4 10 146 156
4 9 156 165
4 4 165 169
4 5 169 174
4 13 174 187
4 3 187 190
4 10 190 200
4 13 200 213
4 11 213 224
4 11 224 235
4 4 235 239
4 9 239 248
5 3 247 250
5 7 250 257
5 15 257 272
6 2 271 273
6 3 273 276
6 14 276 290
6 1 290 291
6 15 291 306
6 10 306 316
6 10 316 326
6 7 326 333
6 6 333 339
6 4 339 343
6 2 343 345
6 9 345 354
6 10 354 364
6 9 364 373
6 14 373 387
6 2 387 389
6 8 389 397
6 4 397 401
7 2 400 402
7 14 402 416
7 9 416 425
7 4 425 429
7 15 429 444
7 7 444 451
7 6 451 457
8 14 456 470
8 12 470 482
9 1 481 482
9 11 482 493
9 5 493 498
10 15 497 512
10 15 512 527
10 4 527 531
10 1 531 532
10 6 532 538
11 11 537 548
11 13 548 561
11 12 561 573
12 10 572 582
12 10 582 592
13 9 591 600
13 3 600 603
13 3 603 606
13 2 606 608
13 2 608 610
13 4 610 614
13 9 614 623
14 6 622 628
14 4 628 632
14 2 632 634
15 1 633 634
15 6 634 640
15 7 640 647
15 1 647 648
15 14 648 662
15 9 662 671
15 6 671 677
15 6 677 683
15 9 683 692
15 1 692 693
15 7 693 700
15 14 700 714
15 6 714 720
15 14 720 734
15 14 734 748
15 6 748 754
15 7 754 761
15 6 761 767
