1 3 0 3
1 4 3 7
1 10 7 17
1 5 17 22
1 5 22 27
1 7 27 34
1 11 34 45
1 7 45 52
1 14 52 66
1 10 66 76
1 12 76 88
1 14 88 102
1 1 102 103
1 1 103 104
1 1 104 105
1 7 105 112
1 1 112 113
2 2 112 114
2 15 114 129
2 8 129 137
2 15 137 152
3 5 151 156
3 1 156 157
3 7 157 164
3 7 164 171
4 10 170 180
4 7 180 187
4 15 187 202
4 5 202 207
4 6 207 213
4 11 213 224
4 15 224 239
5 2 238 240
5 13 240 253
5 7 253 260
5 1 260 261
5 13 261 274
5 11 274 285
5 15 285 300
5 11 300 311
5 3 311 314
5 7 314 321
5 13 321 334
5 11 334 345
5 12 345 357
5 14 357 371
5 4 371 375
5 11 375 386
5 12 386 398
5 15 398 413
5 5 413 418
6 7 417 424
6 7 424 431
6 3 431 434
7 10 433 443
8 13 442 455
8 6 455 461
8 6 461 467
8 11 467 478
8 14 478 492
8 6 492 498
8 6 498 504
8 11 504 515
8 10 515 525
8 8 525 533
8 7 533 540
8 2 540 542
8 1 542 543
8 2 543 545
8 4 545 549
8 2 549 551
8 1 551 552
9 12 551 563
9 8 563 571
9 5 571 576
9 15 576 591
10 9 590 599
10 3 599 602
10 5 602 607
10 10 607 617
11 11 616 627
11 14 627 641
11 12 641 653
11 10 653 663
12 11 662 673
12 8 673 681
12 4 681 685
12 1 685 686
13 10 685 695
13 2 695 697
13 5 697 702
13 13 702 715
13 3 715 718
13 8 718 726
14 10 725 735
14 9 735 744
15 14 743 757
15 5 757 762
15 4 762 766
15 11 766 777
