1 2 0 2
1 6 2 8
1 13 8 21
1 4 21 25
2 3 24 27
3 7 26 33
3 7 33 40
3 8 40 48
3 15 48 63
3 1 63 64
3 11 64 75
4 6 74 80
4 14 80 94
6 10 92 102
6 9 102 111
6 5 111 116
6 4 116 120
7 12 119 131
7 12 131 143
7 12 143 155
7 5 155 160
8 7 159 166
9 6 165 171
9 7 171 178
9 6 178 184
9 3 184 187
9 8 187 195
9 7 195 202
9 4 202 206
9 11 206 217
9 10 217 227
10 1 226 227
10 15 227 242
10 11 242 253
10 3 253 256
10 15 256 271
10 15 271 286
10 13 286 299
10 14 299 313
10 6 313 319
10 7 319 326
10 5 326 331
10 5 331 336
10 15 336 351
10 10 351 361
10 1 361 362
10 10 362 372
10 9 372 381
11 7 380 387
11 12 387 399
11 10 399 409
11 3 409 412
11 9 412 421
11 14 421 435
12 7 434 441
12 8 441 449
12 2 449 451
12 13 451 464
12 3 464 467
12 10 467 477
12 3 477 480
12 10 480 490
12 14 490 504
12 4 504 508
12 7 508 515
12 7 515 522
12 6 522 528
12 11 528 539
12 1 539 540
12 12 540 552
12 14 552 566
12 9 566 575
13 9 574 583
13 2 583 585
13 13 585 598
14 6 597 603
14 3 603 606
14 3 606 609
14 15 609 624
14 10 624 634
14 13 634 647
14 5 647 652
14 14 652 666
14 10 666 676
14 4 676 680
14 12 680 692
14 12 692 704
14 9 704 713
14 1 713 714
14 15 714 729
14 4 729 733
14 10 733 743
14 3 743 746
14 5 746 751
14 7 751 758
14 6 758 764
15 11 763 774
15 11 774 785
15 1 785 786
15 1 786 787
