1 14 0 14
1 4 14 18
1 4 18 22
1 14 22 36
2 10 35 45
2 12 45 57
2 4 57 61
2 13 61 74
3 2 73 75
3 2 75 77
3 10 77 87
3 5 87 92
3 5 92 97
3 6 97 103
3 2 103 105
3 3 105 108
3 12 108 120
3 3 120 123
3 10 123 133
3 8 133 141
3 13 141 154
3 9 154 163
3 4 163 167
3 6 167 173
3 8 173 181
3 13 181 194
3 1 194 195
3 1 195 196
4 6 195 201
4 3 201 204
4 1 204 205
5 15 204 219
5 6 219 225
5 11 225 236
5 6 236 242
5 1 242 243
5 9 243 252
5 11 252 263
6 15 262 277
6 15 277 292
6 15 292 307
6 12 307 319
6 11 319 330
6 10 330 340
6 3 340 343
6 14 343 357
6 15 357 372
6 5 372 377
6 9 377 386
6 2 386 388
6 3 388 391
6 10 391 401
6 11 401 412
7 10 411 421
7 10 421 431
7 15 431 446
8 13 445 458
9 2 457 459
9 4 459 463
9 5 463 468
9 5 468 473
9 14 473 487
9 2 487 489
10 12 488 500
10 8 500 508
10 2 508 510
10 6 510 516
10 12 516 528
10 5 528 533
10 6 533 539
10 12 539 551
10 3 551 554
10 11 554 565
10 3 565 568
10 1 568 569
10 6 569 575
10 4 575 579
10 14 579 593
10 7 593 600
10 15 600 615
10 11 615 626
11 10 625 635
11 14 635 649
11 13 649 662
12 6 661 667
12 8 667 675
12 11 675 686
12 4 686 690
12 7 690 697
13 3 696 699
13 13 699 712
14 11 711 722
14 2 722 724
14 3 724 727
14 2 727 729
14 7 729 736
14 2 736 738
14 5 738 743
14 15 743 758
15 15 757 772
