1 3 0 3
1 4 3 7
1 1 7 8
1 2 8 10
1 3 10 13
2 7 12 19
2 11 19 30
3 3 29 32
3 1 32 33
3 9 33 42
3 8 42 50
3 3 50 53
3 4 53 57
4 5 56 61
4 14 61 75
4 1 75 76
4 6 76 82
5 14 81 95
5 11 95 106
5 11 106 117
5 14 117 131
5 6 131 137
6 14 136 150
6 7 150 157
6 7 157 164
6 14 164 178
6 12 178 190
6 10 190 200
6 10 200 210
6 6 210 216
6 9 216 225
8 3 223 226
8 2 226 228
8 12 228 240
8 4 240 244
9 7 243 250
9 10 250 260
9 7 260 267
9 14 267 281
9 12 281 293
9 7 293 300
9 9 300 309
9 7 309 316
9 9 316 325
9 3 325 328
9 10 328 338
9 4 338 342
9 6 342 348
9 10 348 358
9 10 358 368
9 13 368 381
9 5 381 386
10 11 385 396
10 5 396 401
11 4 400 404
11 5 404 409
11 6 409 415
11 1 415 416
11 6 416 422
11 12 422 434
11 10 434 444
11 4 444 448
11 12 448 460
11 3 460 463
11 3 463 466
11 3 466 469
11 9 469 478
11 4 478 482
11 9 482 491
11 3 491 494
11 5 494 499
11 8 499 507
11 2 507 509
11 13 509 522
11 4 522 526
11 2 526 528
12 10 527 537
13 8 536 544
13 15 544 559
14 2 558 560
14 9 560 569
14 14 569 583
15 15 582 597
15 13 597 610
15 3 610 613
15 15 613 628
15 13 628 641
15 3 641 644
15 4 644 648
15 3 648 651
15 9 651 660
15 13 660 673
15 12 673 685
15 14 685 699
15 5 699 704
15 4 704 708
15 10 708 718
15 3 718 721
15 4 721 725
15 2 725 727
