1 2 0 2
2 3 1 4
2 1 4 5
2 3 5 8
3 10 7 17
3 1 17 18
3 14 18 32
3 5 32 37
3 1 37 38
4 12 37 49
4 1 49 50
4 1 50 51
4 5 51 56
4 13 56 69
4 13 69 82
5 2 81 83
5 2 83 85
5 15 85 100
5 12 100 112
5 10 112 122
5 10 122 132
6 2 131 133
6 8 133 141
6 2 141 143
6 2 143 145
6 13 145 158
7 2 157 159
7 5 159 164
7 9 164 173
8 8 172 180
8 1 180 181
9 10 180 190
9 13 190 203
9 5 203 208
9 9 208 217
9 7 217 224
9 2 224 226
10 14 225 239
10 9 239 248
10 6 248 254
10 10 254 264
10 15 264 279
11 2 278 280
11 13 280 293
11 5 293 298
11 3 298 301
11 11 301 312
11 15 312 327
11 12 327 339
11 15 339 354
11 12 354 366
11 8 366 374
11 5 374 379
11 14 379 393
11 12 393 405
11 9 405 414
11 11 414 425
11 14 425 439
11 6 439 445
12 15 444 459
12 8 459 467
12 11 467 478
12 9 478 487
12 6 487 493
12 4 493 497
12 1 497 498
12 4 498 502
12 8 502 510
12 8 510 518
12 3 518 521
12 3 521 524
12 4 524 528
12 4 528 532
12 12 532 544
12 7 544 551
12 1 551 552
13 8 551 559
13 13 559 572
13 13 572 585
14 12 584 596
14 9 596 605
14 6 605 611
15 14 610 624
15 6 624 630
15 3 630 633
15 7 633 640
15 1 640 641
15 13 641 654
15 7 654 661
15 3 661 664
15 12 664 676
15 6 676 682
15 3 682 685
15 9 685 694
15 13 694 707
15 7 707 714
15 5 714 719
15 15 719 734
15 15 734 749
15 1 749 750
