1 7 0 7
1 10 7 17
1 8 17 25
1 5 25 30
1 12 30 42
2 13 41 54
2 5 54 59
3 14 58 72
3 2 72 74
3 6 74 80
3 5 80 85
3 11 85 96
4 6 95 101
4 14 101 115
4 13 115 128
4 15 128 143
5 9 142 151
5 7 151 158
5 5 158 163
5 11 163 174
5 15 174 189
6 4 188 192
6 14 192 206
6 1 206 207
6 8 207 215
6 11 215 226
6 15 226 241
6 8 241 249
6 10 249 259
6 6 259 265
6 6 265 271
6 13 271 284
6 2 284 286
6 15 286 301
6 7 301 308
6 1 308 309
6 5 309 314
6 11 314 325
6 2 325 327
6 9 327 336
7 3 335 338
8 5 337 342
8 8 342 350
8 14 350 364
9 6 363 369
9 10 369 379
9 14 379 393
9 15 393 408
9 2 408 410
9 15 410 425
9 8 425 433
9 8 433 441
9 15 441 456
9 5 456 461
9 13 461 474
9 6 474 480
9 11 480 491
9 4 491 495
9 9 495 504
9 14 504 518
9 13 518 531
10 4 530 534
10 12 534 546
10 10 546 556
10 6 556 562
10 10 562 572
10 8 572 580
11 5 579 584
11 9 584 593
11 15 593 608
11 14 608 622
12 13 621 634
12 14 634 648
13 6 647 653
13 12 653 665
13 8 665 673
15 7 671 678
15 9 678 687
15 14 687 701
15 10 701 711
15 1 711 712
15 1 712 713
15 9 713 722
15 11 722 733
15 12 733 745
15 13 745 758
15 1 758 759
15 9 759 768
15 3 768 771
15 7 771 778
15 9 778 787
15 6 787 793
15 12 793 805
15 15 805 820
15 1 820 821
15 8 821 829
15 13 829 842
15 8 842 850
15 7 850 857
15 14 857 871
