1 11 0 11
1 3 11 14
1 12 14 26
1 1 26 27
1 14 27 41
1 14 41 55
1 6 55 61
1 13 61 74
1 15 74 89
1 7 89 96
1 10 96 106
1 11 106 117
1 9 117 126
1 7 126 133
1 15 133 148
1 13 148 161
1 11 161 172
1 3 172 175
1 9 175 184
1 15 184 199
2 10 198 208
2 10 208 218
2 4 218 222
2 4 222 226
3 10 225 235
3 2 235 237
4 10 236 246
4 12 246 258
4 14 258 272
4 1 272 273
4 5 273 278
4 9 278 287
4 6 287 293
4 13 293 306
4 3 306 309
4 1 309 310
4 9 310 319
4 1 319 320
4 10 320 330
4 12 330 342
4 3 342 345
4 9 345 354
4 9 354 363
4 10 363 373
4 11 373 384
5 5 383 388
5 9 388 397
5 15 397 412
5 7 412 419
5 13 419 432
5 11 432 443
5 8 443 451
5 2 451 453
5 7 453 460
5 8 460 468
5 7 468 475
5 9 475 484
5 5 484 489
5 7 489 496
5 2 496 498
5 14 498 512
5 7 512 519
5 1 519 520
6 2 519 521
6 8 521 529
6 13 529 542
6 13 542 555
7 10 554 564
7 12 564 576
8 14 575 589
8 12 589 601
8 13 601 614
8 8 614 622
8 14 622 636
8 13 636 649
8 14 649 663
9 12 662 674
10 9 673 682
10 1 682 683
10 12 683 695
10 3 695 698
10 4 698 702
11 14 701 715
11 7 715 722
12 15 721 736
13 12 735 747
13 10 747 757
13 8 757 765
13 5 765 770
13 13 770 783
14 8 782 790
14 15 790 805
14 11 805 816
14 5 816 821
15 6 820 826
15 8 826 834
15 14 834 848
15 10 848 858
15 4 858 862
15 11 862 873
