1 13 0 13
1 3 13 16
1 12 16 28
1 13 28 41
1 9 41 50
2 6 49 55
2 15 55 70
2 13 70 83
2 11 83 94
2 8 94 102
2 12 102 114
2 1 114 115
2 4 115 119
2 4 119 123
2 13 123 136
2 8 136 144
2 10 144 154
2 6 154 160
2 5 160 165
2 12 165 177
2 5 177 182
2 14 182 196
2 12 196 208
2 2 208 210
3 15 209 224
3 12 224 236
3 5 236 241
4 3 240 243
4 2 243 245
4 4 245 249
5 11 248 259
5 4 259 263
5 2 263 265
5 7 265 272
5 14 272 286
5 7 286 293
5 14 293 307
5 5 307 312
5 14 312 326
5 6 326 332
5 12 332 344
5 9 344 353
5 8 353 361
5 3 361 364
5 15 364 379
5 13 379 392
5 4 392 396
5 11 396 407
5 8 407 415
6 14 414 428
6 14 428 442
7 13 441 454
7 3 454 457
7 8 457 465
7 9 465 474
8 13 473 486
8 9 486 495
8 14 495 509
8 11 509 520
8 3 520 523
8 7 523 530
9 11 529 540
10 11 539 550
10 5 550 555
10 14 555 569
10 11 569 580
10 3 580 583
10 4 583 587
10 14 587 601
11 4 600 604
11 1 604 605
11 15 605 620
12 1 619 620
12 15 620 635
12 9 635 644
12 3 644 647
13 7 646 653
13 10 653 663
13 7 663 670
13 2 670 672
13 4 672 676
14 14 675 689
14 10 689 699
14 5 699 704
14 11 704 715
14 4 715 719
14 12 719 731
14 8 731 739
14 3 739 742
14 10 742 752
14 6 752 758
14 2 758 760
14 4 760 764
14 6 764 770
14 7 770 777
14 2 777 779
14 2 779 781
14 1 781 782
15 12 781 793
15 10 793 803
