1 8 0 8
1 8 8 16
1 6 16 22
1 13 22 35
1 4 35 39
1 6 39 45
1 6 45 51
1 11 51 62
1 1 62 63
1 13 63 76
1 11 76 87
1 2 87 89
1 6 89 95
1 11 95 106
1 9 106 115
1 11 115 126
1 15 126 141
1 6 141 147
1 4 147 151
2 1 150 151
3 9 150 159
3 2 159 161
3 2 161 163
3 15 163 178
4 2 177 179
4 2 179 181
4 11 181 192
5 4 191 195
5 1 195 196
5 5 196 201
5 13 201 214
5 6 214 220
5 8 220 228
5 1 228 229
5 1 229 230
5 14 230 244
5 5 244 249
5 15 249 264
5 12 264 276
5 13 276 289
5 11 289 300
5 9 300 309
5 15 309 324
6 8 323 331
6 14 331 345
7 10 344 354
7 6 354 360
7 10 360 370
7 5 370 375
7 3 375 378
8 13 377 390
8 3 390 393
8 9 393 402
8 4 402 406
8 12 406 418
8 3 418 421
9 1 420 421
9 2 421 423
9 11 423 434
9 2 434 436
10 4 435 439
10 9 439 448
10 4 448 452
10 5 452 457
10 13 457 470
10 3 470 473
10 2 473 475
10 4 475 479
10 13 479 492
10 2 492 494
10 10 494 504
10 1 504 505
10 11 505 516
10 7 516 523
10 9 523 532
10 13 532 545
10 10 545 555
10 5 555 560
10 10 560 570
10 15 570 585
10 7 585 592
11 9 591 600
11 11 600 611
11 14 611 625
11 14 625 639
12 9 638 647
12 7 647 654
13 6 653 659
13 12 659 671
14 9 670 679
14 12 679 691
14 14 691 705
14 9 705 714
15 6 713 719
15 14 719 733
15 9 733 742
15 12 742 754
15 11 754 765
15 15 765 780
15 14 780 794
