1 13 0 13
1 1 13 14
1 3 14 17
1 12 17 29
1 9 29 38
1 11 38 49
1 9 49 58
1 10 58 68
1 1 68 69
1 10 69 79
1 11 79 90
1 11 90 101
1 9 101 110
1 13 110 123
1 12 123 135
2 7 134 141
2 4 141 145
2 2 145 147
2 8 147 155
3 12 154 166
3 10 166 176
3 7 176 183
3 9 183 192
4 12 191 203
4 12 203 215
4 2 215 217
4 11 217 228
5 12 227 239
5 5 239 244
6 9 243 252
6 4 252 256
6 15 256 271
6 3 271 274
6 12 274 286
6 7 286 293
6 11 293 304
6 5 304 309
6 2 309 311
6 10 311 321
6 8 321 329
6 6 329 335
6 8 335 343
6 3 343 346
6 12 346 358
6 1 358 359
6 11 359 370
6 10 370 380
6 15 380 395
6 5 395 400
6 6 400 406
6 5 406 411
7 8 410 418
7 4 418 422
7 8 422 430
7 14 430 444
7 4 444 448
7 5 448 453
7 6 453 459
7 3 459 462
7 3 462 465
7 3 465 468
7 12 468 480
7 9 480 489
7 11 489 500
7 7 500 507
7 4 507 511
7 11 511 522
7 14 522 536
7 9 536 545
8 7 544 551
8 2 551 553
8 1 553 554
8 3 554 557
9 4 556 560
9 5 560 565
9 2 565 567
9 1 567 568
9 3 568 571
10 13 570 583
10 10 583 593
10 3 593 596
10 7 596 603
11 11 602 613
11 12 613 625
11 3 625 628
11 1 628 629
11 5 629 634
11 5 634 639
11 7 639 646
11 15 646 661
12 7 660 667
12 3 667 670
13 15 669 684
13 8 684 692
14 8 691 699
15 4 698 702
15 14 702 716
15 10 716 726
15 5 726 731
15 1 731 732
