6 10
15 4
14 6
9 11
1 12
5 9
4 1
8 2
12 11
9 15
9 13
10 8
8 2
1 12
7 12
5 2
5 8
9 11
14 11
7 9
13 3
10 15
14 5
9 4
8 11
14 3
2 2
2 8
13 6
15 10
5 13
2 4
1 9
4 3
1 11
5 11
8 13
14 4
13 13
2 7
15 8
8 4
14 10
14 5
14 14
14 15
5 15
12 3
15 2
15 10
13 5
5 7
5 12
12 6
11 13
13 3
13 3
13 12
13 11
13 5
13 12
13 5
13 13
13 4
13 5
13 3
13 3
13 12
13 11
13 3
15 6
15 7
15 14
15 15
15 7
15 11
15 6
15 2
15 15
15 4
15 5
15 7
15 15
15 15
15 3
11 9
11 4
11 1
11 15
11 9
11 9
11 12
11 9
11 7
11 6
11 1
11 6
11 12
11 11
11 2
