5 14
15 10
8 4
9 8
9 12
1 3
10 3
2 6
8 2
15 10
2 15
15 3
12 8
12 9
14 5
3 3
15 8
2 10
9 15
15 13
15 1
4 1
1 11
5 12
9 4
3 12
15 14
15 15
13 9
14 3
6 4
7 12
11 4
15 14
6 9
9 12
13 14
2 8
7 13
15 14
15 1
2 9
15 12
15 9
2 4
11 7
14 2
13 1
14 11
9 10
2 15
7 15
9 5
4 2
2 9
2 12
2 3
2 5
2 5
2 14
2 12
2 5
2 12
2 9
2 6
2 7
2 13
2 14
2 4
2 13
10 2
10 10
10 2
10 2
10 14
10 12
10 14
10 1
10 13
10 9
10 12
10 10
10 7
10 7
10 1
15 10
15 10
15 1
15 8
15 7
15 2
15 10
15 8
15 3
15 14
15 3
15 11
15 12
15 13
15 10
