9 3
10 4
1 13
2 8
9 4
4 6
15 12
10 10
14 4
12 8
9 6
8 12
6 9
9 15
11 11
15 2
9 10
3 8
12 5
3 15
2 15
4 13
4 1
11 6
1 5
7 13
1 3
12 5
14 7
10 7
13 3
10 1
11 4
3 12
15 7
8 9
14 5
1 11
14 3
14 11
15 11
1 11
14 8
2 2
9 3
10 2
12 13
15 9
11 6
15 9
4 1
8 1
2 14
7 2
10 2
14 10
14 2
14 8
14 12
14 4
14 15
14 8
14 5
14 5
14 9
14 2
14 1
14 6
14 14
14 10
12 14
12 2
12 3
12 8
12 9
12 10
12 12
12 3
12 5
12 3
12 4
12 4
12 15
12 9
12 8
10 4
10 2
10 13
10 13
10 10
10 11
10 15
10 3
10 5
10 12
10 8
10 2
10 2
10 12
10 9
