10 4
12 8
9 7
12 7
6 11
12 3
6 15
15 3
14 8
10 10
7 9
2 4
14 15
15 11
11 8
4 11
4 15
3 7
12 13
13 5
1 5
11 10
7 15
11 13
12 11
3 13
7 8
15 12
9 6
7 14
7 9
15 9
14 10
8 12
1 15
5 15
1 7
5 14
15 9
5 13
3 6
6 2
2 14
15 6
8 12
7 11
15 9
8 10
13 1
15 2
1 10
11 12
14 10
9 12
14 1
3 12
3 13
3 11
3 2
3 8
3 15
3 14
3 3
3 1
3 6
3 2
3 8
3 14
3 15
3 9
14 3
14 9
14 4
14 15
14 3
14 5
14 8
14 10
14 13
14 14
14 3
14 1
14 9
14 6
14 3
10 7
10 5
10 13
10 4
10 11
10 14
10 9
10 15
10 10
10 6
10 10
10 11
10 5
10 2
10 4
