12 6
1 7
12 9
15 15
2 2
3 5
13 5
6 12
3 8
3 11
13 5
7 14
4 14
11 2
11 6
14 3
3 1
12 12
14 13
10 1
15 13
1 15
2 9
13 6
15 4
10 7
10 3
11 8
6 4
6 13
5 5
12 14
14 10
8 4
7 10
3 10
12 15
15 6
14 7
15 3
3 2
4 13
7 15
6 15
8 2
11 1
12 13
13 14
10 9
2 5
4 15
15 4
10 10
3 4
13 2
13 1
13 3
13 4
13 4
13 10
13 5
13 11
13 10
13 11
13 3
13 6
13 9
13 9
13 9
13 8
14 11
14 3
14 3
14 11
14 10
14 11
14 15
14 15
14 12
14 7
14 2
14 7
14 12
14 13
14 11
15 11
15 6
15 8
15 8
15 14
15 6
15 5
15 15
15 10
15 6
15 9
15 14
15 15
15 2
15 3
