11 7
1 2
14 6
9 6
15 11
7 12
15 11
3 7
15 1
11 12
7 12
7 12
1 6
3 7
13 9
14 3
13 2
11 10
13 13
9 7
11 3
9 6
12 7
4 6
6 10
9 3
11 9
12 8
3 8
10 1
10 15
2 3
8 7
3 15
9 8
14 3
9 7
4 14
9 4
1 13
1 4
3 1
12 2
15 1
14 15
11 14
9 11
9 10
14 10
7 5
3 11
14 13
6 9
6 5
6 4
14 5
14 14
14 10
14 4
14 12
14 12
14 9
14 1
14 15
14 4
14 10
14 3
14 5
14 7
14 6
12 13
12 3
12 10
12 3
12 10
12 14
12 4
12 7
12 7
12 6
12 11
12 1
12 12
12 14
12 9
10 11
10 3
10 15
10 15
10 13
10 14
10 6
10 7
10 5
10 5
10 15
10 10
10 1
10 10
10 9
