12 15
4 12
10 14
15 14
4 1
3 10
1 2
8 8
5 2
2 3
15 6
6 2
7 2
4 1
4 5
7 5
2 1
4 13
5 2
5 15
10 9
9 10
9 13
9 5
9 9
10 6
3 1
3 14
12 8
6 8
14 12
5 12
4 13
14 9
9 7
15 3
13 8
3 5
3 1
8 1
10 10
7 9
11 2
13 13
5 10
13 13
2 3
11 13
6 2
9 2
14 6
10 15
6 2
6 13
5 10
11 5
11 3
11 11
11 15
11 12
11 15
11 12
11 8
11 5
11 14
11 12
11 9
11 11
11 14
11 6
12 11
12 9
12 6
12 4
12 1
12 4
12 8
12 8
12 3
12 3
12 4
12 4
12 12
12 7
12 1
15 7
15 1
15 13
15 7
15 3
15 12
15 6
15 3
15 9
15 13
15 7
15 5
15 15
15 15
15 1
